156,744,1,4392,2157
162,773,2,4426,2
476,564,3,4451,16
645,548,4,4471,31
540,730,5,4490,45
498,802,6,4503,56
668,636,7,4520,67
717,551,8,4534,74
727,503,9,4545,82
739,447,10,4559,91
765,383,11,4571,97
774,359,12,4585,104
776,353,13,4599,111
795,338,14,4612,118
783,260,17,4647,136
768,222,18,4662,143
753,209,19,4669,149
729,201,20,4682,155
721,200,21,4693,159
719,202,22,4702,166
719,204,23,4712,172
719,207,24,4723,176
719,207,25,4732,181
687,214,29,4778,203
661,267,30,4788,209
683,414,31,4798,214
354,380,74,5252,441
352,437,79,5304,468
277,433,81,5327,477
212,429,82,5339,483
316,447,83,5350,488
249,403,84,5366,494
183,393,85,5375,500
197,356,86,5384,507
330,410,88,5406,516
382,430,89,5419,524
397,438,90,5428,527
399,446,92,5451,539
401,437,93,5464,545
397,444,94,5475,550
393,448,96,5496,562
392,440,97,5504,568
388,444,98,5514,573
392,434,99,5526,577
388,443,100,5535,582
393,435,103,5570,598
388,442,104,5578,603
385,445,106,5600,614
389,436,107,5609,620
586,470,136,5908,769
638,473,137,5919,774
608,450,138,5930,779
553,415,139,5943,784
492,398,140,5953,789
431,419,141,5965,796
410,435,142,5976,801
423,492,143,5987,807
520,542,144,5996,812
641,552,145,6007,818
686,556,146,6021,822
699,555,147,6032,828
699,552,148,6039,835
688,549,163,6195,912
679,541,197,6559,1093
673,538,198,6568,1098
667,539,199,6578,1105
664,541,204,6632,1129
678,560,206,6654,1140
690,570,209,6687,1158
698,574,210,6694,1162
688,582,211,6707,1169
670,584,212,6715,1172
644,570,213,6729,1179
630,558,214,6741,1182
624,537,215,6748,1189
576,474,216,6757,1196
518,454,217,6768,1199
441,459,218,6779,1203
385,454,219,6791,1209
371,456,220,6804,1215
369,458,221,6815,1220
362,457,222,6822,1226
350,458,223,6836,1233
343,455,224,6844,1236
361,463,225,6855,1242
381,457,226,6866,1246
500,494,227,6877,1253
615,534,228,6886,1258
696,564,241,7028,1328
718,578,242,7037,1333
720,582,243,7046,1338
716,581,244,7060,1344
708,585,245,7073,1348
714,653,246,7085,1354
731,766,247,7095,1361
735,803,248,7102,1367
723,829,249,7116,1372
721,832,250,7131,1376
720,831,251,7140,1383
641,875,254,7177,1402
620,891,255,7188,1406
659,907,256,7196,1413
678,914,257,7208,1419
690,914,258,7216,1422
699,913,259,7229,1429
714,909,260,7240,1433
727,908,261,7252,1440
730,906,262,7259,1444
750,908,263,7272,1451
759,907,264,7283,1454
757,899,265,7290,1460
768,804,266,7302,1467
751,715,267,7315,1470
718,604,268,7325,1476
707,564,269,7335,1482
704,554,270,7347,1487
704,556,271,7355,1491
706,561,272,7370,1498
707,566,273,7381,1502
708,570,274,7394,1507
710,573,275,7401,1513
711,574,276,7412,1519
711,575,277,7425,1524
711,579,278,7439,1530
710,582,279,7448,1535
711,579,280,7456,1543
709,581,281,7472,1549
704,586,282,7483,1553
759,622,283,7490,1560
842,616,284,7503,1566
863,560,285,7509,1570
871,552,286,7520,1576
872,553,287,7532,1579
871,554,288,7543,1585
869,554,289,7551,1591
867,556,290,7565,1597
865,557,291,7576,1600
865,557,292,7587,1607
856,552,293,7599,1613
789,553,294,7607,1618
742,556,295,7620,1624
727,557,296,7632,1628
724,557,297,7642,1634
720,557,298,7654,1641
721,555,299,7668,1646
724,553,300,7679,1651
732,556,301,7688,1658
761,535,302,7700,1663
818,554,303,7713,1668
883,668,304,7724,1675
916,766,305,7730,1682
694,872,306,7741,1686
792,880,307,7755,1690
774,864,308,7763,1695
765,834,309,7777,1702
638,872,310,7783,1706
577,971,311,7792,1713
572,895,312,7801,1717
555,897,313,7817,1721
556,874,314,7825,1726
560,868,315,7834,1733
566,869,316,7843,1738
567,866,317,7856,1742
557,862,318,7865,1747
551,860,319,7875,1752
535,852,320,7887,1757
516,842,321,7895,1763
488,829,322,7906,1768
469,817,323,7915,1772
463,800,324,7929,1778
463,795,325,7938,1782
477,729,326,7949,1789
506,638,327,7962,1793
618,572,328,7974,1800
700,593,386,8611,2118
749,649,387,8620,2125
766,708,388,8634,2130
768,743,389,8643,2134
730,801,390,8654,2141
651,806,391,8665,2147
625,747,392,8678,2152
673,644,393,8685,2158
697,587,394,8696,2163
801,320,395,8707,2168
749,467,397,8726,2179
809,280,398,8738,2184
849,100,399,8749,2187
841,167,400,8759,2194
846,184,401,8769,2200
837,211,402,8780,2204
841,223,403,8790,2210
830,230,404,8801,2215
826,231,405,8810,2220
826,233,406,8824,2225
837,233,407,8834,2230
829,233,408,8842,2236
826,233,410,8868,2246
832,234,411,8879,2253
826,231,412,8886,2258
830,233,413,8896,2264
824,232,414,8907,2267
756,462,415,8919,2273
798,508,416,8929,2279
867,557,417,8941,2284
893,583,418,8953,2289
889,606,419,8963,2296
869,614,420,8974,2301
780,582,421,8988,2306
739,566,422,8999,2312
723,557,423,9010,2315
728,554,424,9019,2320
738,502,425,9030,2328
717,389,426,9039,2334
747,281,427,9052,2340
792,221,428,9063,2344
810,201,429,9072,2351
819,200,430,9084,2356
830,207,431,9094,2361
832,213,432,9103,2367
832,217,433,9114,2372
830,221,434,9123,2377
842,219,435,9134,2381
843,224,436,9147,2386
847,228,437,9158,2392
841,321,438,9170,2398
797,434,439,9180,2404
746,521,440,9189,2409
725,550,441,9202,2415
719,555,442,9213,2420
719,550,443,9222,2426
721,544,444,9233,2432
722,540,445,9243,2436
723,537,446,9253,2442
724,535,447,9263,2446
725,532,448,9272,2451
725,531,449,9286,2456
726,531,450,9293,2460
727,529,451,9303,2467
725,530,452,9317,2471
728,526,453,9327,2477
729,529,454,9336,2484
730,533,455,9350,2489
731,541,456,9359,2492
735,624,457,9372,2498
726,706,458,9384,2503
717,647,459,9394,2509
715,608,462,9426,2527
689,585,464,9448,2537
679,577,465,9459,2544
671,574,466,9468,2548
634,592,467,9481,2554
623,598,468,9488,2558
773,333,469,9499,2565
733,454,471,9523,2574
790,440,472,9533,2580
856,474,473,9543,2586
792,530,474,9553,2592
755,553,475,9565,2596
740,560,476,9574,2602
726,595,477,9588,2607
811,657,478,9596,2612
909,719,479,9607,2618
945,747,480,9617,2623
959,756,481,9625,2628
961,756,482,9638,2634
955,762,483,9650,2637
911,795,484,9659,2644
798,771,485,9669,2650
723,672,486,9678,2654
690,602,487,9691,2658
659,468,491,9732,2682
607,387,492,9745,2687
585,363,493,9758,2691
584,359,494,9770,2696
524,373,495,9782,2703
472,370,496,9791,2707
437,346,497,9802,2715
418,338,498,9815,2719
456,427,499,9821,2726
577,487,500,9835,2732
669,526,501,9847,2736
701,540,502,9858,2742
711,542,503,9868,2748
714,542,504,9875,2754
708,540,505,9890,2758
703,578,506,9902,2763
765,702,507,9911,2770
822,633,508,9924,2776
844,518,509,9933,2780
856,382,510,9947,2786
861,329,511,9955,2791
858,311,512,9970,2798
857,310,513,9977,2802
876,265,514,9989,2809
881,251,515,10002,2814
853,224,516,10011,2819
802,206,517,10022,2826
788,207,518,10037,2831
779,210,519,10047,2835
756,351,520,10059,2843
732,482,521,10070,2848
717,528,550,10395,3010
712,539,555,10458,3040
713,538,557,10480,3050
476,483,563,10545,3085
393,454,564,10554,3091
369,442,565,10565,3097
364,439,566,10578,3102
261,388,567,10590,3107
336,423,570,10620,3123
371,427,571,10632,3129
255,400,572,10641,3135
217,405,573,10654,3140
331,433,574,10662,3145
377,435,575,10674,3151
394,438,577,10691,3162
395,447,578,10705,3167
400,434,579,10718,3171
395,439,581,10740,3184
394,439,583,10761,3194
262,415,584,10775,3200
344,430,585,10783,3205
374,441,589,10830,3227
389,436,594,10890,3256
627,492,612,11077,3352
709,513,614,11099,3360
734,520,615,11111,3366
737,520,616,11124,3372
731,519,617,11130,3378
722,519,620,11170,3395
715,518,621,11184,3400
709,516,622,11195,3407
689,544,639,11382,3504
681,552,640,11388,3508
680,555,641,11400,3515
680,555,642,11411,3519
712,563,654,11546,3585
788,510,655,11555,3592
796,517,656,11564,3598
764,536,657,11575,3602
749,545,658,11586,3606
741,548,659,11596,3613
725,565,662,11631,3629
684,626,663,11642,3634
594,648,664,11651,3641
609,606,665,11666,3645
649,578,666,11675,3650
687,502,668,11697,3662
751,395,669,11711,3669
839,344,670,11719,3673
899,269,671,11733,3680
918,247,672,11742,3684
923,246,673,11756,3691
921,250,674,11764,3695
913,243,675,11777,3702
902,231,676,11788,3706
896,226,677,11801,3713
893,224,678,11807,3719
891,225,679,11816,3725
887,223,680,11826,3729
886,226,681,11843,3733
892,249,682,11852,3738
902,259,683,11860,3746
926,293,684,11873,3750
938,358,685,11887,3755
890,470,686,11896,3761
781,544,687,11905,3768
742,564,688,11919,3772
732,566,689,11929,3778
730,562,690,11938,3784
642,502,692,11962,3793
501,497,693,11976,3800
447,499,694,11988,3805
400,509,695,11997,3811
365,509,696,12007,3817
359,511,697,12018,3822
364,512,698,12030,3827
371,512,699,12041,3832
375,512,700,12052,3839
379,512,701,12064,3845
381,512,702,12071,3851
374,512,703,12082,3856
371,512,704,12094,3860
364,516,705,12105,3866
359,523,706,12118,3872
358,534,707,12127,3878
357,550,708,12136,3883
361,564,709,12150,3888
367,569,710,12157,3892
497,588,711,12171,3899
626,565,712,12180,3903
685,551,713,12193,3910
766,671,718,12247,3938
891,729,719,12256,3943
1000,730,720,12270,3948
1065,675,721,12284,3952
1086,639,722,12295,3959
1087,639,723,12307,3965
1075,645,724,12315,3971
1055,676,725,12328,3979
1044,687,726,12337,3983
1041,695,727,12348,3989
1027,725,728,12363,3994
1015,741,729,12376,3999
1002,756,730,12385,4006
985,776,731,12394,4012
973,793,732,12407,4017
969,813,733,12418,4021
960,814,734,12427,4029
937,829,735,12439,4033
924,850,736,12449,4038
903,850,737,12459,4044
855,784,738,12472,4049
780,678,739,12484,4054
722,593,740,12493,4061
702,564,741,12506,4066
695,556,742,12515,4071
697,556,743,12529,4078
701,562,744,12537,4081
707,567,745,12548,4088
711,570,746,12559,4093
738,417,748,12582,4103
782,319,749,12593,4110
779,223,750,12605,4116
774,191,751,12612,4121
761,178,752,12622,4127
753,180,753,12636,4131
746,181,754,12647,4136
739,176,755,12657,4142
732,175,756,12671,4148
728,178,757,12678,4152
729,191,758,12691,4159
728,199,759,12705,4163
718,194,760,12717,4169
700,183,761,12726,4176
690,170,762,12737,4183
684,168,763,12745,4188
691,180,764,12759,4194
695,194,765,12773,4197
694,206,766,12779,4204
691,210,767,12796,4210
684,208,768,12804,4214
667,198,769,12815,4222
657,189,770,12828,4226
655,187,771,12836,4232
656,187,772,12848,4239
662,202,773,12858,4242
705,227,774,12870,4249
741,291,775,12881,4253
735,450,776,12893,4260
742,604,780,12934,4282
682,737,781,12946,4288
610,795,782,12957,4292
569,855,783,12967,4297
599,904,784,12981,4304
628,920,785,12990,4307
601,893,786,12999,4315
538,820,787,13012,4319
540,702,788,13023,4324
625,586,789,13034,4330
668,538,790,13044,4336
686,520,791,13055,4342
601,468,792,13068,4347
496,455,793,13075,4351
401,540,794,13087,4358
384,596,795,13099,4361
514,642,796,13108,4368
592,702,797,13122,4373
646,819,798,13132,4378
675,893,799,13141,4384
676,915,800,13155,4389
647,914,801,13167,4394
611,904,802,13177,4400
567,882,803,13189,4406
531,869,804,13198,4412
509,847,805,13208,4418
507,836,806,13217,4424
497,837,807,13233,4429
475,818,808,13242,4434
473,809,809,13251,4441
461,803,810,13265,4445
443,780,811,13273,4450
406,731,812,13284,4457
382,709,813,13298,4461
376,701,814,13308,4466
370,657,815,13320,4474
363,609,816,13328,4478
354,590,817,13340,4484
354,578,818,13348,4488
369,500,819,13361,4495
382,455,820,13373,4498
519,485,831,13495,4561
648,511,832,13507,4566
697,524,833,13519,4572
709,530,834,13527,4578
708,534,835,13540,4585
703,535,836,13549,4588
696,534,837,13566,4594
692,533,838,13572,4599
689,533,839,13585,4607
689,531,840,13597,4611
1056,699,867,13900,4764
1200,705,871,13945,4787
1120,690,875,13990,4807
1084,682,878,14024,4825
1064,671,879,14032,4831
1050,674,882,14068,4848
1045,664,883,14080,4853
1038,672,884,14093,4858
1042,659,885,14105,4864
1041,666,886,14117,4871
1044,662,887,14125,4877
1042,664,888,14139,4883
1043,663,890,14161,4894
1047,661,891,14170,4898
1045,660,892,14184,4905
1043,673,893,14193,4909
1044,665,894,14206,4916
1045,663,896,14229,4927
1042,672,897,14242,4932
1042,671,899,14262,4945
1042,672,901,14282,4955
1047,661,902,14296,4960
1043,670,903,14307,4965
1044,668,905,14329,4979
1044,667,907,14346,4989
1044,666,909,14371,4998
1047,661,923,14522,5073
1043,672,928,14579,5100
777,566,968,15014,5318
681,535,970,15035,5332
662,503,980,15155,5386
681,505,981,15164,5393
691,507,982,15176,5400
680,540,1007,15447,5538
675,549,1008,15461,5543
672,547,1009,15472,5548
671,549,1058,15997,5813
671,549,1059,16010,5819
682,517,1064,16064,5846
694,470,1065,16074,5850
702,491,1066,16083,5856
721,598,1070,16130,5878
713,623,1071,16139,5883
711,599,1072,16151,5889
710,588,1073,16161,5894
711,583,1074,16169,5900
711,581,1075,16180,5905
710,580,1076,16192,5909
713,578,1077,16201,5915
717,578,1078,16215,5920
717,578,1079,16225,5926
716,577,1080,16234,5932
714,576,1081,16245,5937
715,576,1082,16257,5942
715,577,1083,16270,5948
713,578,1084,16278,5954
712,578,1085,16288,5960
716,575,1086,16299,5964
719,571,1087,16310,5969
719,570,1088,16321,5974
719,570,1089,16334,5980
719,570,1090,16348,5986
723,569,1091,16355,5992
734,564,1092,16368,5998
788,557,1093,16377,6003
849,570,1094,16391,6009
867,574,1095,16399,6013
911,629,1096,16410,6020
953,689,1097,16419,6024
966,706,1098,16431,6030
1007,703,1099,16443,6035
1029,687,1100,16452,6039
954,594,1104,16497,6063
806,570,1105,16509,6070
739,557,1106,16523,6074
718,554,1107,16530,6080
715,554,1108,16542,6086
718,556,1109,16555,6090
723,558,1110,16566,6095
728,559,1111,16577,6102
1097,683,1112,16589,6107
864,603,1113,16600,6113
775,574,1114,16608,6119
741,562,1115,16620,6125
730,558,1116,16632,6129
728,556,1117,16646,6134
711,523,1195,17532,6576
709,513,1196,17544,6581
710,510,1197,17556,6588
711,509,1198,17570,6594
722,517,1201,17604,6610
717,506,1202,17612,6618
679,536,1204,17633,6627
694,509,1205,17648,6634
744,453,1206,17657,6638
808,457,1207,17671,6645
766,510,1208,17677,6650
746,533,1209,17691,6657
738,541,1210,17702,6661
733,545,1216,17767,6695
733,543,1221,17819,6724
731,541,1222,17833,6730
731,539,1223,17844,6734
732,536,1227,17887,6758
736,535,1228,17898,6764
741,535,1229,17910,6768
742,536,1230,17919,6774
738,528,1236,17986,6806
736,526,1237,17997,6812
734,525,1246,18104,6862
704,556,1262,18278,6951
689,563,1263,18291,6957
683,562,1264,18298,6964
680,559,1265,18312,6969
681,557,1266,18322,6973
678,559,1267,18336,6980
685,520,1270,18367,6997
693,488,1271,18377,7002
701,411,1272,18388,7007
698,326,1273,18399,7013
671,237,1274,18411,7019
671,199,1275,18422,7025
669,192,1276,18435,7030
672,199,1277,18443,7036
694,279,1278,18455,7042
713,365,1279,18470,7045
720,484,1280,18479,7052
724,528,1281,18491,7058
724,540,1282,18502,7062
743,547,1287,18558,7092
809,552,1288,18568,7096
906,651,1289,18579,7104
949,729,1290,18591,7107
996,764,1291,18601,7114
981,787,1292,18613,7120
873,777,1293,18622,7125
768,661,1294,18637,7131
706,603,1304,18741,7184
601,643,1305,18750,7192
571,701,1306,18764,7195
608,783,1307,18776,7200
655,869,1308,18789,7206
682,908,1309,18797,7213
698,921,1310,18809,7219
704,921,1311,18820,7223
716,919,1312,18829,7229
732,920,1313,18839,7235
736,920,1314,18851,7240
737,924,1315,18864,7244
725,913,1316,18876,7250
720,904,1317,18885,7256
718,900,1318,18898,7262
717,900,1319,18909,7267
716,900,1320,18918,7274
716,900,1321,18930,7279
716,901,1322,18943,7284
715,901,1323,18951,7289
703,895,1324,18966,7296
684,867,1325,18976,7300
625,732,1326,18985,7307
665,606,1327,18997,7312
681,560,1328,19007,7317
689,549,1329,19020,7323
691,551,1330,19030,7327
693,559,1331,19039,7335
692,565,1332,19053,7339
693,571,1334,19073,7350
619,566,1335,19084,7355
553,599,1336,19095,7360
538,595,1337,19104,7366
536,594,1338,19115,7373
537,592,1339,19129,7377
540,593,1340,19137,7382
486,642,1341,19149,7389
431,706,1342,19162,7393
433,751,1343,19174,7399
499,710,1344,19187,7405
622,604,1345,19197,7412
677,560,1346,19208,7418
695,545,1347,19219,7421
697,542,1348,19231,7427
827,611,1350,19253,7439
971,650,1351,19265,7445
1053,634,1352,19273,7450
959,588,1360,19366,7495
824,568,1361,19375,7500
1130,704,1365,19424,7524
1239,751,1366,19431,7529
1122,684,1369,19465,7546
1076,654,1370,19478,7551
1055,642,1371,19490,7556
1047,635,1372,19502,7562
834,578,1409,19919,7774
746,578,1417,20005,7816
727,622,1418,20016,7823
698,662,1419,20029,7828
697,675,1420,20039,7833
701,681,1421,20046,7839
707,683,1422,20061,7845
711,683,1423,20069,7848
715,682,1424,20082,7855
716,680,1425,20095,7859
717,681,1426,20108,7865
719,680,1427,20116,7872
720,680,1428,20125,7878
721,680,1429,20138,7883
721,680,1430,20150,7888
721,680,1431,20161,7894
721,680,1432,20169,7900
721,680,1433,20184,7905
724,680,1434,20194,7909
726,682,1435,20208,7917
727,682,1436,20214,7921
727,681,1437,20233,7928
728,681,1438,20243,7932
731,683,1439,20256,7937
740,687,1440,20265,7944
743,690,1441,20280,7950
743,684,1442,20292,7954
722,627,1443,20303,7960
706,587,1444,20312,7967
700,573,1445,20323,7973
700,571,1446,20331,7978
698,568,1448,20351,7987
701,570,1449,20367,7993
753,585,1455,20430,8026
795,639,1456,20439,8032
749,606,1457,20449,8039
676,559,1461,20497,8059
586,476,1462,20508,8064
569,360,1463,20518,8071
560,257,1464,20526,8078
553,219,1465,20539,8083
551,222,1466,20548,8087
491,271,1467,20560,8093
469,292,1468,20570,8098
464,303,1469,20580,8104
466,306,1470,20594,8109
510,365,1471,20608,8115
628,468,1472,20618,8121
691,523,1473,20628,8128
710,540,1474,20636,8133
714,543,1475,20650,8139
718,541,1476,20663,8143
822,593,1477,20676,8149
946,654,1478,20683,8155
1028,694,1479,20696,8162
1054,708,1480,20708,8167
1064,714,1481,20720,8172
1063,717,1482,20728,8178
1009,738,1483,20742,8185
924,745,1484,20755,8188
796,686,1485,20767,8195
736,608,1509,21031,8329
731,620,1510,21042,8334
807,603,1511,21055,8341
851,559,1512,21067,8346
867,531,1513,21073,8352
860,502,1514,21086,8358
848,486,1515,21104,8362
834,476,1516,21118,8368
830,475,1517,21129,8374
768,510,1518,21140,8381
736,530,1519,21153,8387
728,539,1520,21162,8393
720,542,1521,21176,8399
721,524,1522,21187,8404
779,446,1523,21199,8410
872,423,1524,21208,8417
963,462,1525,21222,8423
978,472,1526,21232,8428
983,477,1527,21244,8435
978,480,1528,21255,8440
974,481,1529,21266,8447
970,481,1530,21277,8453
978,487,1531,21288,8458
972,517,1532,21299,8463
925,555,1533,21311,8468
797,564,1534,21320,8474
617,911,1536,21342,8485
658,718,1538,21364,8496
634,743,1539,21373,8501
625,802,1541,21399,8512
608,870,1543,21422,8523
667,876,1544,21430,8530
694,793,1545,21442,8535
694,687,1546,21452,8539
697,599,1547,21466,8545
698,568,1548,21473,8551
697,561,1549,21491,8556
696,563,1550,21498,8561
696,568,1551,21509,8569
697,573,1552,21522,8574
793,329,1590,21951,8789
832,243,1591,21964,8793
812,510,1592,21976,8800
828,320,1593,21984,8806
789,580,1594,21996,8812
820,346,1595,22005,8816
832,260,1596,22016,8823
831,225,1597,22027,8827
837,221,1598,22041,8833
681,377,1599,22053,8839
571,382,1600,22066,8845
475,341,1601,22075,8851
426,399,1602,22086,8857
490,478,1603,22099,8862
726,311,1604,22113,8868
717,466,1605,22119,8873
712,522,1606,22130,8881
707,543,1607,22142,8885
667,633,1608,22156,8890
699,721,1609,22165,8895
856,765,1610,22178,8902
940,792,1611,22189,8906
1021,706,1612,22198,8914
911,639,1613,22209,8920
799,586,1614,22220,8924
700,502,1617,22251,8941
589,438,1618,22265,8945
510,467,1619,22278,8950
390,498,1620,22288,8957
349,514,1621,22298,8963
373,550,1622,22309,8968
487,571,1623,22324,8973
631,554,1624,22333,8979
687,548,1625,22349,8986
705,545,1626,22361,8991
709,546,1627,22369,8997
705,546,1628,22382,9002
752,509,1629,22391,9007
851,399,1630,22400,9013
888,354,1631,22413,9019
896,346,1632,22427,9024
905,335,1633,22436,9029
939,345,1634,22450,9036
928,433,1635,22459,9041
803,525,1636,22472,9048
743,549,1638,22491,9060
665,489,1639,22502,9065
610,360,1640,22512,9070
656,250,1641,22526,9076
689,200,1642,22539,9081
764,192,1643,22548,9088
803,192,1644,22559,9093
831,200,1645,22571,9098
841,212,1646,22585,9103
885,274,1647,22599,9110
829,432,1648,22609,9117
760,524,1649,22622,9123
734,554,1650,22632,9128
725,559,1651,22643,9135
723,555,1652,22655,9140
723,550,1653,22663,9146
724,544,1654,22675,9153
725,540,1655,22691,9156
725,537,1656,22697,9162
726,536,1657,22709,9169
727,535,1658,22720,9173
727,535,1659,22729,9179
727,534,1660,22740,9184
725,532,1661,22751,9190
724,532,1662,22762,9194
722,532,1663,22776,9200
722,531,1664,22785,9205
956,623,1665,22798,9212
1039,655,1667,22821,9223
1062,672,1668,22830,9230
864,595,1669,22843,9236
787,566,1670,22852,9240
758,554,1671,22865,9246
750,551,1672,22879,9250
827,551,1673,22891,9256
965,618,1674,22899,9263
1028,671,1675,22913,9270
1050,695,1676,22923,9274
969,742,1677,22937,9281
855,696,1678,22944,9286
763,614,1679,22957,9292
728,581,1680,22966,9296
719,569,1681,22975,9303
720,567,1682,22986,9307
724,567,1683,22999,9313
684,578,1709,23277,9453
679,593,1710,23290,9458
703,613,1711,23302,9463
669,645,1712,23315,9469
649,655,1713,23324,9475
626,599,1714,23332,9482
553,545,1715,23345,9486
567,473,1719,23395,9509
651,505,1720,23404,9515
685,518,1721,23415,9522
698,526,1722,23426,9526
703,533,1723,23435,9532
704,534,1724,23446,9537
740,469,1725,23457,9543
729,405,1726,23471,9548
622,363,1727,23482,9554
555,436,1728,23495,9560
466,577,1729,23501,9566
492,696,1730,23515,9572
576,730,1731,23526,9576
645,687,1732,23537,9582
683,606,1735,23568,9598
757,610,1737,23590,9608
854,735,1738,23603,9614
865,845,1739,23610,9620
818,834,1740,23624,9627
792,762,1741,23637,9630
742,641,1742,23646,9636
488,490,1744,23674,9647
393,425,1747,23704,9664
658,387,1748,23718,9671
856,342,1749,23727,9677
987,377,1750,23736,9683
976,502,1751,23747,9688
953,642,1752,23755,9693
990,715,1753,23768,9699
1032,681,1754,23777,9703
1067,579,1755,23788,9708
1046,513,1756,23802,9714
943,528,1757,23814,9719
801,550,1758,23824,9725
483,470,1759,23837,9731
297,405,1760,23851,9736
508,509,1761,23861,9742
447,541,1762,23875,9748
384,509,1763,23886,9753
363,501,1764,23895,9759
359,512,1765,23909,9765
407,575,1766,23916,9769
568,562,1767,23930,9776
667,556,1768,23940,9781
701,551,1769,23953,9787
706,549,1770,23963,9792
703,549,1771,23976,9798
700,548,1772,23988,9803
693,550,1773,23997,9810
690,549,1774,24011,9815
686,550,1775,24019,9820
683,551,1776,24030,9827
681,552,1777,24043,9832
681,552,1778,24053,9837
681,551,1779,24067,9844
679,552,1780,24084,9849
681,550,1781,24094,9855
659,639,1783,24119,9865
715,724,1784,24129,9872
747,640,1785,24141,9879
494,493,1786,24149,9884
670,487,1787,24161,9890
775,374,1788,24175,9895
823,255,1789,24183,9901
842,213,1790,24194,9907
845,204,1791,24205,9912
799,213,1792,24214,9918
763,268,1793,24226,9923
743,404,1794,24237,9928
723,506,1795,24246,9936
714,541,1796,24260,9941
711,551,1797,24274,9945
709,550,1798,24281,9953
711,544,1799,24295,9959
712,540,1800,24308,9963
711,535,1801,24317,9970
712,532,1802,24330,9976
712,530,1803,24344,9980
476,472,1805,24371,9993
625,509,1806,24385,9998
687,521,1807,24395,10005
711,525,1808,24410,10011
721,524,1809,24420,10016
671,502,1810,24429,10024
589,405,1811,24442,10029
556,308,1812,24451,10033
565,245,1813,24465,10041
639,271,1814,24474,10045
691,420,1815,24490,10051
713,501,1816,24497,10056
742,559,1818,24517,10068
745,722,1819,24530,10074
668,800,1820,24542,10080
643,816,1821,24551,10085
637,805,1822,24565,10092
639,801,1823,24580,10097
643,807,1824,24590,10104
643,859,1825,24603,10110
681,892,1826,24615,10115
699,901,1827,24624,10121
705,903,1828,24637,10128
718,900,1829,24644,10132
797,893,1830,24655,10139
830,887,1831,24668,10144
858,863,1832,24679,10150
852,811,1833,24693,10155
808,684,1834,24701,10161
757,571,1843,24802,10213
755,488,1844,24809,10217
749,388,1845,24822,10225
726,302,1846,24834,10228
706,211,1847,24842,10235
718,201,1848,24857,10241
746,318,1849,24865,10246
771,524,1854,24919,10274
864,595,1855,24925,10278
970,520,1856,24941,10284
1031,447,1857,24952,10288
998,386,1858,24961,10295
878,462,1859,24969,10301
783,527,1860,24981,10305
740,551,1861,24992,10309
727,558,1862,25003,10315
727,557,1863,25014,10321
730,557,1864,25025,10326
625,498,1865,25034,10332
483,485,1866,25045,10337
381,502,1867,25054,10342
359,549,1868,25067,10347
464,591,1869,25081,10352
607,564,1870,25087,10357
674,547,1871,25098,10364
693,540,1872,25110,10369
632,619,1873,25121,10374
545,717,1874,25132,10379
497,798,1875,25143,10386
505,845,1876,25155,10390
531,869,1877,25165,10396
574,871,1878,25172,10402
654,796,1879,25185,10406
683,654,1880,25193,10411
698,582,1881,25203,10417
703,559,1882,25214,10421
701,554,1883,25226,10427
879,543,1885,25248,10438
1014,576,1886,25261,10444
1031,656,1887,25268,10448
946,792,1888,25281,10455
870,873,1889,25291,10459
830,901,1890,25300,10466
817,904,1891,25315,10470
782,911,1892,25325,10475
688,908,1893,25334,10482
649,902,1894,25345,10486
639,900,1895,25354,10491
587,878,1896,25367,10498
524,800,1897,25378,10502
546,673,1898,25389,10507
637,576,1899,25398,10514
671,549,1900,25409,10519
683,534,1901,25422,10524
568,464,1902,25433,10529
441,508,1903,25445,10535
382,591,1904,25457,10541
364,623,1905,25467,10547
361,634,1906,25476,10553
363,637,1907,25489,10557
383,657,1908,25496,10563
506,665,1909,25507,10569
624,617,1910,25518,10573
681,577,1911,25532,10578
696,563,1912,25543,10584
714,702,1913,25552,10590
711,852,1914,25565,10597
700,898,1915,25573,10601
604,862,1916,25585,10607
570,846,1917,25596,10611
491,819,1918,25607,10618
449,813,1919,25618,10623
438,810,1920,25632,10628
443,799,1921,25638,10631
448,788,1922,25651,10638
448,773,1923,25661,10642
533,659,1924,25673,10648
642,564,1925,25683,10653
665,478,1927,25702,10666
672,445,1928,25712,10672
667,439,1929,25722,10676
659,437,1930,25735,10681
624,387,1931,25744,10686
498,387,1932,25756,10692
414,411,1933,25770,10697
367,406,1934,25780,10703
349,400,1935,25791,10709
362,409,1936,25802,10714
380,409,1937,25814,10720
451,352,1938,25823,10726
584,328,1939,25833,10731
694,413,1940,25845,10736
730,493,1941,25855,10741
737,523,1942,25872,10747
733,533,1943,25878,10753
818,195,1976,26241,10935
838,217,1983,26319,10975
845,216,1985,26342,10985
845,220,1986,26354,10991
841,225,1987,26365,10996
835,227,1989,26385,11008
838,230,1990,26398,11013
831,231,1991,26407,11018
825,230,1992,26418,11023
827,234,1993,26431,11028
834,235,1994,26443,11034
829,235,1995,26452,11039
833,237,1996,26466,11045
828,236,1997,26474,11050
833,236,1998,26486,11056
825,231,1999,26497,11061
833,235,2000,26510,11066
834,234,2001,26524,11073
836,231,2002,26533,11078
829,232,2004,26553,11090
838,232,2005,26565,11096
831,234,2006,26575,11101
835,234,2007,26587,11108
835,230,2008,26598,11113
836,232,2009,26606,11118
827,229,2010,26622,11123
832,228,2011,26628,11128
835,232,2013,26649,11139
833,232,2015,26673,11150
835,230,2017,26695,11161
826,227,2018,26705,11166
828,231,2019,26718,11172
827,229,2021,26740,11183
830,230,2023,26771,11194
825,227,2029,26836,11228
725,467,2127,27952,11784
686,552,2128,27962,11790
671,577,2129,27974,11795
668,581,2130,27987,11799
670,576,2131,27996,11806
671,568,2132,28004,11812
677,563,2133,28016,11817
677,557,2134,28027,11822
681,554,2135,28040,11827
710,562,2158,28309,11963
735,550,2159,28323,11970
742,546,2160,28332,11974
743,543,2161,28344,11981
744,550,2162,28357,11986
740,548,2163,28369,11992
734,550,2164,28382,11998
734,550,2165,28388,12005
736,549,2166,28402,12011
739,541,2167,28411,12015
747,558,2168,28421,12022
736,566,2169,28431,12026
732,568,2170,28442,12031
732,568,2171,28455,12036
731,567,2172,28464,12042
732,566,2173,28478,12050
732,566,2174,28486,12053
733,566,2175,28499,12060
730,566,2176,28510,12065
735,571,2177,28524,12072
742,575,2178,28533,12077
747,576,2179,28545,12084
756,587,2180,28555,12089
756,588,2181,28567,12095
760,592,2182,28579,12100
779,589,2183,28592,12107
774,545,2184,28604,12114
736,461,2185,28611,12121
690,327,2186,28625,12127
674,234,2187,28631,12130
669,200,2188,28642,12137
668,199,2189,28657,12141
727,221,2190,28667,12146
854,255,2191,28676,12153
931,338,2192,28689,12157
879,470,2193,28701,12163
789,544,2194,28709,12169
750,566,2195,28721,12176
735,569,2196,28734,12179
730,567,2197,28744,12184
731,559,2198,28758,12191
733,553,2199,28772,12196
736,549,2200,28782,12203
741,569,2201,28794,12210
752,613,2202,28808,12214
743,731,2203,28821,12220
643,753,2204,28833,12226
525,690,2205,28841,12232
405,663,2206,28855,12239
366,650,2207,28865,12243
359,659,2208,28875,12250
366,675,2209,28888,12254
381,701,2210,28896,12260
415,722,2211,28907,12267
505,704,2212,28920,12271
618,621,2213,28930,12276
763,570,2216,28961,12293
913,459,2217,28973,12299
961,367,2218,28987,12303
954,322,2219,28995,12310
943,309,2220,29006,12316
930,291,2221,29017,12321
867,239,2222,29031,12327
834,223,2223,29042,12332
799,369,2225,29063,12345
748,494,2226,29074,12351
729,538,2227,29090,12356
725,551,2228,29098,12361
726,551,2229,29109,12369
729,547,2230,29118,12374
838,202,2236,29185,12407
879,83,2237,29204,12413
878,72,2238,29216,12417
786,377,2239,29224,12425
748,494,2240,29232,12431
721,512,2241,29243,12436
712,509,2242,29255,12440
695,494,2243,29266,12446
646,493,2244,29279,12452
566,414,2245,29286,12458
485,341,2246,29300,12465
439,329,2247,29311,12468
504,456,2257,29425,12527
620,505,2258,29439,12531
676,529,2259,29448,12537
696,537,2260,29462,12543
701,538,2261,29469,12548
701,537,2262,29483,12555
698,535,2263,29489,12559
695,533,2264,29501,12566
692,532,2265,29511,12570
690,532,2266,29525,12576
689,531,2267,29534,12580
688,531,2268,29543,12587
720,509,2281,29690,12657
731,438,2282,29701,12663
733,371,2283,29714,12668
738,355,2284,29726,12674
739,354,2285,29736,12680
742,359,2286,29745,12688
750,364,2287,29759,12693
759,371,2288,29773,12697
770,371,2289,29781,12704
820,358,2290,29795,12710
854,393,2291,29806,12715
786,499,2292,29812,12722
769,606,2297,29868,12746
720,724,2298,29877,12753
679,763,2299,29886,12758
628,793,2300,29897,12764
577,863,2303,29931,12779
562,883,2304,29942,12785
557,884,2305,29953,12790
557,879,2306,29962,12796
555,871,2307,29977,12802
555,866,2308,29987,12805
556,863,2309,29994,12813
558,872,2310,30008,12819
554,885,2311,30015,12822
555,890,2312,30026,12828
554,891,2313,30037,12833
561,875,2314,30050,12838
563,868,2315,30062,12844
565,867,2316,30074,12850
600,829,2317,30085,12855
645,680,2318,30096,12862
685,587,2319,30109,12868
700,557,2320,30115,12873
702,551,2321,30129,12879
701,555,2322,30138,12882
701,559,2323,30150,12889
700,563,2324,30163,12893
697,569,2325,30175,12899
696,573,2326,30183,12905
694,575,2327,30193,12912
692,575,2328,30203,12915
692,575,2329,30214,12921
692,576,2330,30225,12927
691,576,2331,30236,12931
695,573,2332,30242,12937
763,626,2333,30256,12943
823,644,2334,30264,12946
822,543,2335,30274,12953
826,473,2336,30288,12956
871,372,2337,30299,12962
879,262,2338,30315,12968
878,227,2339,30324,12973
882,222,2340,30334,12980
887,228,2341,30343,12986
902,249,2342,30354,12991
895,342,2343,30367,12996
809,458,2344,30379,13002
987,540,2351,30457,13042
1044,552,2352,30471,13047
951,568,2353,30480,13053
809,573,2354,30491,13060
742,572,2355,30500,13065
715,572,2358,30531,13080
604,805,2370,30668,13147
581,874,2372,30689,13159
519,984,2373,30701,13164
554,929,2374,30707,13169
565,966,2376,30731,13179
529,989,2377,30745,13184
756,613,2378,30751,13191
795,410,2379,30765,13197
753,343,2380,30778,13201
709,405,2381,30784,13207
591,835,2382,30798,13213
578,888,2383,30809,13217
566,732,2384,30818,13224
534,746,2385,30829,13229
497,798,2386,30840,13233
486,821,2387,30852,13239
492,823,2388,30859,13245
539,769,2389,30876,13250
595,674,2390,30885,13254
665,586,2391,30899,13262
628,783,2392,30909,13266
711,656,2393,30920,13272
815,744,2394,30929,13278
825,826,2395,30942,13283
816,881,2396,30954,13289
766,888,2397,30963,13295
697,799,2398,30978,13301
684,666,2399,30987,13306
690,589,2400,30998,13314
695,563,2401,31005,13318
666,515,2402,31019,13324
569,425,2403,31030,13328
472,344,2404,31043,13334
438,318,2405,31054,13340
429,314,2406,31063,13346
435,362,2407,31077,13351
559,426,2408,31085,13356
809,613,2413,31140,13384
977,667,2414,31153,13389
1068,646,2415,31161,13395
1093,634,2416,31173,13401
1087,617,2417,31182,13405
959,584,2418,31193,13411
804,576,2419,31204,13416
732,570,2420,31213,13421
706,567,2421,31224,13427
701,567,2422,31233,13432
779,470,2424,31254,13441
864,353,2425,31266,13448
860,284,2426,31274,13452
825,216,2427,31286,13457
812,200,2428,31295,13462
782,201,2429,31306,13467
736,299,2430,31317,13473
729,431,2431,31330,13478
719,514,2432,31336,13483
720,540,2433,31348,13489
718,547,2434,31364,13493
650,553,2435,31373,13499
493,561,2436,31387,13505
400,534,2437,31395,13510
385,441,2438,31408,13517
437,343,2439,31419,13521
538,243,2440,31437,13528
587,208,2441,31448,13533
586,198,2442,31461,13540
578,196,2443,31472,13547
580,215,2444,31481,13553
581,229,2445,31493,13559
622,239,2446,31506,13563
728,323,2447,31518,13570
778,372,2448,31527,13577
764,478,2449,31538,13584
746,529,2453,31579,13604
797,686,2455,31601,13615
860,828,2456,31610,13621
875,886,2457,31624,13626
877,900,2458,31633,13630
875,896,2459,31642,13637
870,891,2460,31652,13642
851,899,2461,31666,13647
828,900,2462,31675,13651
810,901,2463,31684,13657
761,906,2464,31695,13663
707,908,2465,31705,13668
643,903,2466,31714,13673
601,894,2467,31723,13678
567,883,2468,31733,13682
534,871,2469,31747,13687
518,855,2470,31757,13692
483,825,2471,31770,13698
446,779,2472,31779,13703
407,712,2473,31792,13710
443,600,2474,31806,13715
546,522,2475,31817,13720
652,517,2476,31827,13727
689,519,2477,31838,13734
699,524,2478,31849,13739
700,533,2479,31860,13743
696,537,2480,31872,13750
692,541,2481,31883,13754
688,543,2482,31895,13761
685,544,2483,31905,13766
684,544,2484,31916,13773
682,544,2485,31928,13777
681,544,2494,32025,13829
700,523,2496,32050,13838
809,416,2497,32061,13844
942,357,2498,32078,13850
1008,340,2499,32092,13855
1030,346,2500,32106,13858
1053,376,2501,32115,13864
983,478,2502,32129,13872
838,532,2503,32139,13877
713,633,2507,32184,13902
644,756,2508,32191,13908
624,788,2509,32201,13915
610,799,2510,32210,13919
600,850,2511,32219,13925
620,895,2512,32232,13930
659,906,2513,32241,13935
700,835,2514,32255,13940
702,672,2515,32266,13946
707,588,2516,32280,13952
707,559,2517,32290,13956
706,554,2518,32303,13963
706,556,2519,32316,13968
706,561,2520,32330,13973
707,566,2521,32338,13980
707,571,2522,32350,13986
707,573,2523,32359,13991
707,574,2524,32374,13998
708,575,2525,32383,14002
708,576,2526,32391,14009
708,575,2527,32403,14014
706,580,2529,32425,14026
703,580,2530,32436,14030
695,583,2532,32458,14042
776,545,2536,32502,14066
884,448,2537,32508,14071
972,358,2538,32519,14076
999,330,2539,32530,14079
1004,325,2540,32540,14084
1002,327,2541,32551,14090
997,331,2542,32564,14095
992,335,2543,32576,14100
989,338,2544,32586,14106
987,341,2545,32596,14112
985,343,2546,32607,14117
984,342,2547,32618,14123
985,343,2548,32627,14129
988,346,2549,32637,14133
987,347,2550,32648,14139
987,347,2551,32659,14144
988,344,2552,32672,14149
992,341,2553,32685,14154
1004,353,2554,32693,14160
1029,365,2555,32702,14167
1044,370,2556,32713,14171
1049,368,2557,32726,14176
1049,367,2558,32732,14182
1036,374,2559,32744,14187
1017,365,2560,32754,14191
1008,348,2561,32766,14197
1016,337,2562,32777,14202
1028,334,2563,32786,14207
1033,336,2564,32797,14214
1029,334,2565,32810,14217
1034,332,2566,32820,14223
1035,332,2567,32833,14229
1013,335,2568,32842,14236
1002,339,2569,32853,14241
988,378,2570,32866,14246
959,437,2571,32879,14251
1012,615,2572,32892,14255
820,579,2573,32901,14262
962,653,2574,32911,14269
801,615,2576,32942,14279
958,664,2577,32955,14285
939,791,2578,32962,14292
1023,717,2579,32975,14299
969,810,2580,32986,14303
940,836,2581,33000,14309
928,842,2582,33009,14314
898,865,2583,33019,14321
884,871,2584,33031,14326
851,882,2585,33045,14331
830,887,2586,33054,14337
825,885,2587,33063,14344
976,729,2588,33076,14349
870,832,2589,33090,14353
730,798,2590,33099,14360
693,692,2591,33112,14366
936,660,2592,33121,14371
1025,651,2594,33143,14382
817,590,2595,33152,14388
859,579,2596,33166,14393
972,581,2597,33176,14399
1009,591,2598,33191,14405
1031,604,2599,33202,14410
974,703,2600,33210,14416
843,690,2601,33229,14422
751,618,2602,33243,14427
715,585,2603,33255,14433
706,572,2604,33268,14440
707,568,2605,33276,14448
712,568,2606,33287,14454
716,569,2607,33299,14458
721,570,2608,33313,14464
723,572,2609,33325,14471
724,573,2610,33338,14478
724,574,2611,33350,14482
726,576,2612,33361,14488
725,577,2613,33375,14494
726,577,2614,33388,14499
720,583,2615,33400,14506
636,699,2616,33406,14513
553,814,2617,33417,14519
524,854,2618,33427,14523
502,845,2619,33438,14528
446,730,2620,33450,14534
382,646,2621,33461,14540
337,633,2622,33475,14546
326,635,2623,33489,14552
326,640,2624,33498,14558
347,640,2625,33512,14566
371,655,2626,33521,14570
382,661,2627,33533,14577
386,667,2628,33541,14582
404,706,2629,33554,14589
463,727,2630,33566,14593
580,662,2631,33580,14599
670,585,2632,33588,14605
698,556,2633,33600,14612
704,547,2634,33610,14617
769,628,2635,33622,14623
847,740,2636,33632,14627
849,854,2637,33644,14634
844,896,2638,33657,14638
817,914,2639,33669,14645
809,925,2640,33678,14651
805,936,2641,33689,14657
803,941,2642,33700,14663
800,926,2643,33711,14669
822,890,2644,33720,14675
877,860,2645,33731,14681
900,861,2646,33742,14685
893,865,2647,33756,14690
889,859,2648,33770,14695
901,866,2649,33778,14702
904,869,2650,33790,14709
905,872,2651,33800,14713
852,414,2652,33812,14719
889,677,2653,33822,14725
844,351,2654,33831,14731
770,502,2655,33846,14736
798,298,2657,33868,14746
813,231,2658,33880,14753
829,211,2659,33893,14758
782,432,2660,33899,14764
815,297,2661,33910,14771
967,419,2662,33921,14775
999,562,2663,33937,14779
882,630,2664,33946,14785
845,362,2665,33954,14791
838,261,2666,33978,14796
830,225,2667,33991,14801
731,491,2668,34002,14809
699,608,2669,34011,14815
691,648,2670,34024,14821
703,660,2671,34032,14826
728,634,2672,34039,14832
756,599,2673,34053,14837
763,579,2674,34066,14842
747,514,2675,34075,14848
701,410,2676,34084,14854
651,272,2677,34095,14859
