156,744,1,1691,811
162,773,2,1715,2
306,690,3,1739,15
580,818,4,1759,28
675,908,5,1777,40
660,920,6,1790,50
640,911,7,1805,58
549,818,8,1815,65
460,719,9,1831,72
432,662,10,1842,77
448,613,11,1856,86
480,578,12,1869,91
542,544,13,1881,98
584,489,14,1895,104
687,490,15,1906,111
867,514,16,1919,117
1030,506,17,1933,123
1083,506,18,1943,130
960,468,19,1955,136
812,498,20,1964,142
742,511,21,1977,147
688,508,22,1988,152
609,448,23,1998,159
526,419,24,2009,164
520,528,25,2022,169
604,581,26,2032,174
668,583,27,2043,181
692,579,28,2053,186
701,576,29,2063,191
699,561,31,2088,202
683,468,32,2098,208
641,379,33,2110,214
595,373,34,2123,219
512,471,35,2137,225
405,536,36,2145,231
358,565,37,2157,237
331,579,38,2168,241
368,633,39,2179,247
487,727,40,2190,252
659,837,41,2202,258
764,901,42,2212,264
794,925,43,2223,270
774,930,44,2233,276
758,927,45,2246,281
723,919,46,2257,287
667,914,47,2267,293
643,912,48,2278,299
631,888,49,2287,304
655,807,50,2298,309
682,645,51,2311,314
699,576,52,2321,319
1060,909,53,2331,326
1327,1033,54,2341,331
1420,1080,55,2352,336
1289,1095,56,2363,341
872,709,57,2373,346
692,464,58,2387,351
589,281,59,2398,357
551,224,60,2409,363
543,217,61,2419,369
534,219,62,2429,374
522,224,63,2439,379
506,224,64,2449,385
516,240,65,2460,390
572,252,66,2475,395
601,260,67,2490,400
617,266,68,2502,407
648,291,69,2513,413
693,449,70,2522,420
712,524,71,2533,426
717,547,72,2540,431
714,549,73,2550,437
694,555,74,2564,440
646,572,75,2575,445
540,650,76,2586,452
530,766,77,2598,457
584,856,78,2609,463
645,909,79,2619,469
675,935,80,2629,474
744,921,81,2641,480
842,892,82,2652,485
919,842,83,2663,491
951,749,84,2674,496
850,642,85,2684,501
760,571,86,2695,507
726,547,87,2705,512
713,541,88,2715,517
730,471,89,2728,523
755,396,90,2738,528
768,367,91,2748,534
774,360,92,2762,540
777,360,93,2772,544
777,363,94,2782,551
783,361,95,2792,556
815,306,96,2804,561
861,257,97,2814,566
877,242,98,2822,572
878,237,99,2832,577
879,230,100,2842,582
886,224,101,2855,586
917,260,102,2865,591
929,405,103,2876,598
913,510,104,2884,603
924,637,105,2893,608
924,671,106,2906,612
992,517,125,3313,805
1026,617,126,3332,817
953,485,127,3353,827
834,501,128,3377,836
751,529,129,3395,846
720,539,130,3410,858
714,546,131,3428,868
716,546,132,3445,876
723,545,133,3462,884
725,544,134,3478,892
722,545,135,3492,901
725,542,136,3502,909
714,531,137,3518,916
600,515,140,3574,939
567,607,141,3588,951
575,668,142,3602,957
612,681,143,3615,965
668,700,144,3628,971
740,761,145,3644,978
811,818,146,3659,984
875,857,147,3674,993
893,867,148,3688,999
842,873,149,3702,1008
795,871,150,3715,1014
774,871,151,3729,1021
765,868,152,3742,1028
761,868,153,3757,1034
751,868,154,3769,1041
726,872,155,3780,1048
673,865,156,3792,1055
607,848,157,3805,1061
559,831,158,3817,1066
504,810,159,3831,1072
462,777,160,3841,1079
440,735,161,3856,1085
429,685,162,3866,1090
430,670,163,3880,1098
437,672,164,3890,1104
442,676,165,3904,1111
444,677,166,3917,1115
447,668,167,3930,1122
448,661,168,3941,1129
455,582,169,3955,1135
405,547,170,3967,1141
378,528,171,3978,1147
349,543,172,3990,1154
393,593,173,4004,1160
535,601,174,4017,1165
658,572,175,4030,1172
703,558,176,4044,1178
786,607,178,4066,1192
932,702,179,4078,1199
996,761,180,4087,1203
1044,730,181,4094,1209
1073,635,182,4107,1214
978,542,183,4117,1218
813,542,184,4127,1224
747,542,185,4141,1228
716,542,192,4208,1265
718,547,193,4221,1269
725,553,194,4230,1274
731,555,195,4240,1281
736,554,196,4260,1285
741,553,197,4270,1290
722,539,211,4413,1368
715,532,212,4422,1373
709,531,213,4443,1377
707,531,214,4454,1381
710,530,215,4464,1388
711,530,216,4475,1393
709,528,217,4485,1399
713,525,218,4495,1405
714,524,219,4509,1410
708,511,220,4519,1416
698,489,221,4529,1423
696,473,222,4541,1429
703,452,223,4550,1434
739,393,224,4560,1441
758,369,225,4573,1445
767,359,226,4583,1450
769,358,227,4592,1457
785,351,228,4604,1462
778,264,232,4646,1482
768,225,233,4656,1487
752,206,234,4663,1493
733,198,235,4674,1498
723,199,236,4682,1502
720,201,237,4691,1508
719,201,238,4702,1512
720,203,239,4712,1516
721,205,240,4721,1521
722,206,241,4733,1526
723,206,242,4742,1531
722,206,243,4752,1537
720,205,244,4762,1542
712,204,245,4773,1546
675,224,246,4782,1551
676,348,247,4793,1557
699,474,248,4800,1561
708,532,249,4812,1567
712,549,250,4820,1571
355,426,292,5255,1787
229,419,296,5293,1808
293,422,298,5316,1817
238,411,299,5326,1823
228,417,300,5339,1828
240,379,301,5345,1833
338,414,302,5359,1840
264,404,303,5369,1843
198,401,304,5379,1850
234,375,305,5391,1855
231,395,307,5409,1866
343,436,309,5426,1875
598,505,354,5881,2102
675,501,356,5901,2111
690,492,357,5911,2115
645,466,358,5920,2121
599,439,359,5931,2126
531,405,360,5940,2130
464,400,361,5950,2136
420,419,362,5963,2140
402,431,363,5971,2145
419,490,364,5981,2152
497,541,365,5989,2156
625,555,366,6001,2161
680,556,367,6010,2165
699,555,368,6021,2171
701,552,369,6038,2175
698,550,370,6050,2180
693,548,371,6068,2188
689,547,372,6080,2193
686,547,373,6092,2198
684,547,374,6103,2204
683,547,375,6113,2210
683,547,376,6126,2215
684,548,377,6135,2221
683,549,378,6148,2228
682,549,379,6159,2233
684,550,380,6176,2239
684,550,381,6179,2245
681,548,382,6192,2255
675,545,383,6200,2258
673,547,385,6222,2270
677,559,408,6470,2393
673,544,415,6546,2432
669,539,416,6561,2437
668,537,417,6572,2443
666,539,418,6583,2450
665,540,422,6629,2472
687,560,424,6658,2484
689,566,426,6679,2497
695,571,427,6688,2502
698,574,428,6701,2508
688,582,429,6711,2514
659,579,430,6721,2520
634,565,431,6730,2526
626,555,432,6740,2531
625,529,433,6751,2535
588,474,434,6764,2540
503,456,435,6774,2545
410,454,436,6785,2552
376,454,437,6796,2557
367,456,438,6810,2562
368,458,439,6821,2568
355,459,440,6830,2575
340,454,441,6840,2580
345,458,442,6854,2585
368,458,443,6865,2590
480,483,444,6876,2597
592,530,445,6886,2602
687,563,458,7030,2674
717,579,459,7044,2679
722,582,460,7055,2685
718,585,461,7069,2692
717,629,462,7078,2697
732,734,463,7089,2704
737,795,464,7102,2709
734,818,465,7112,2714
726,830,466,7123,2721
722,830,467,7137,2726
639,873,470,7169,2744
614,891,471,7181,2749
626,900,472,7191,2754
663,906,473,7200,2761
686,912,474,7210,2766
694,912,475,7224,2770
702,911,476,7235,2775
718,909,477,7245,2782
727,907,478,7256,2788
739,907,479,7270,2792
754,907,480,7281,2797
758,901,481,7292,2804
778,841,482,7302,2810
755,729,483,7313,2815
720,607,484,7322,2821
708,563,485,7333,2826
704,553,486,7343,2832
704,554,487,7355,2836
705,559,488,7369,2841
708,564,489,7379,2846
709,568,490,7389,2854
710,572,491,7400,2858
711,574,492,7411,2864
712,575,493,7422,2870
711,580,494,7435,2875
710,582,495,7446,2880
711,580,496,7458,2887
712,579,497,7470,2893
705,585,498,7480,2898
759,622,499,7490,2905
831,623,500,7500,2910
859,563,501,7511,2915
869,549,502,7524,2920
872,551,503,7535,2925
872,553,504,7545,2932
869,554,505,7559,2937
867,555,506,7569,2942
866,555,507,7581,2949
864,557,508,7595,2954
840,548,509,7606,2960
763,554,510,7616,2966
732,556,511,7627,2972
725,558,512,7638,2977
722,556,513,7652,2983
723,556,514,7662,2989
724,554,515,7672,2996
731,559,516,7682,3001
744,541,517,7693,3006
797,538,518,7703,3011
849,598,519,7713,3017
904,715,520,7723,3022
923,782,521,7733,3027
907,834,522,7743,3032
851,866,523,7755,3036
786,849,524,7769,3041
763,828,525,7779,3047
716,817,526,7788,3054
626,838,527,7798,3060
569,859,529,7822,3069
553,866,530,7833,3076
555,873,531,7843,3081
559,871,532,7854,3086
550,866,533,7863,3092
546,862,534,7872,3097
532,854,535,7882,3102
519,847,536,7892,3106
497,832,537,7904,3111
472,822,538,7913,3116
464,804,539,7922,3122
463,796,540,7933,3127
468,762,541,7943,3132
492,662,542,7955,3137
570,592,543,7964,3142
819,216,600,8551,3434
854,196,603,8586,3451
778,471,605,8609,3463
761,611,606,8619,3468
818,356,607,8629,3475
831,262,608,8641,3480
748,645,609,8653,3485
664,781,610,8665,3491
607,785,611,8674,3495
663,675,612,8687,3503
776,363,613,8696,3508
827,249,614,8705,3513
838,213,615,8715,3518
884,93,616,8724,3523
853,169,617,8735,3528
850,202,618,8744,3532
837,222,619,8758,3538
827,226,620,8768,3542
826,232,621,8777,3549
834,236,622,8789,3554
831,237,623,8797,3559
830,236,625,8815,3569
834,234,627,8837,3578
825,228,628,8846,3583
828,233,629,8856,3589
832,231,631,8874,3598
825,230,632,8886,3603
833,233,633,8894,3608
754,465,634,8906,3613
731,545,635,8914,3618
773,536,636,8927,3623
854,549,637,8937,3628
890,575,638,8946,3634
893,589,639,8960,3638
885,605,640,8968,3643
799,577,641,8978,3650
747,565,642,8987,3655
727,557,643,9000,3659
722,554,644,9012,3664
742,538,645,9025,3670
725,442,646,9035,3676
731,317,647,9045,3683
776,245,648,9057,3687
810,211,649,9068,3693
817,201,650,9077,3698
830,205,651,9089,3705
832,211,652,9098,3709
832,216,653,9110,3715
831,220,654,9119,3719
842,219,655,9131,3726
842,223,656,9140,3730
844,225,657,9153,3736
852,263,658,9161,3740
825,377,659,9173,3746
771,481,660,9181,3751
733,537,661,9193,3757
721,553,662,9204,3761
719,553,663,9214,3767
720,548,664,9223,3773
721,543,665,9236,3778
723,539,666,9246,3782
724,536,667,9255,3788
724,535,668,9267,3793
725,534,669,9278,3798
725,533,670,9287,3804
725,533,671,9298,3809
726,530,672,9307,3814
727,527,673,9317,3819
730,526,674,9332,3824
729,531,675,9347,3829
728,535,676,9357,3836
742,588,677,9369,3841
733,695,678,9379,3847
718,636,679,9388,3855
715,606,682,9421,3869
690,585,684,9441,3880
679,577,685,9452,3886
677,574,686,9462,3891
633,594,687,9471,3896
622,600,688,9482,3901
623,599,689,9493,3906
732,499,692,9527,3923
829,456,693,9539,3928
856,503,694,9553,3933
786,535,695,9562,3939
755,549,696,9574,3946
732,576,697,9583,3951
814,649,698,9593,3957
906,709,699,9604,3962
944,746,700,9613,3967
958,756,701,9622,3973
960,756,702,9632,3977
957,755,703,9640,3981
951,760,704,9650,3986
887,797,705,9663,3991
789,771,706,9673,3995
712,641,707,9684,4002
670,502,712,9736,4026
607,397,713,9745,4032
586,364,714,9755,4038
574,360,715,9764,4043
519,371,716,9776,4048
469,368,717,9785,4052
436,344,718,9794,4058
417,334,719,9805,4063
422,376,720,9815,4068
483,461,721,9825,4073
606,502,722,9837,4078
682,532,723,9847,4083
707,541,724,9857,4089
712,541,725,9870,4093
713,540,726,9879,4099
706,538,727,9888,4105
710,631,728,9897,4110
755,721,729,9910,4114
824,682,730,9918,4119
845,534,731,9929,4125
855,411,732,9938,4129
860,337,733,9953,4135
860,314,734,9962,4139
857,310,735,9973,4146
868,277,736,9983,4151
879,256,737,9992,4157
870,232,738,10002,4162
829,214,739,10011,4167
793,205,740,10024,4171
785,208,741,10035,4176
758,230,742,10048,4182
750,340,743,10060,4187
727,484,744,10070,4194
715,531,770,10375,4348
711,543,771,10389,4354
714,540,774,10423,4369
715,532,777,10458,4387
343,399,780,10491,4404
347,420,787,10573,4445
351,434,788,10582,4451
363,437,791,10616,4468
236,407,794,10645,4482
331,429,795,10658,4488
287,392,796,10667,4493
243,386,797,10680,4498
202,392,798,10696,4504
327,430,799,10705,4511
208,370,800,10718,4515
193,377,801,10727,4521
329,418,802,10739,4528
244,391,804,10758,4540
350,423,806,10780,4548
386,435,814,10864,4591
398,440,820,10921,4622
397,449,825,10970,4646
631,498,835,11073,4697
711,516,837,11096,4707
734,520,838,11106,4712
736,519,839,11114,4718
730,518,840,11124,4723
723,517,843,11155,4737
715,517,844,11164,4741
709,516,846,11183,4753
700,523,860,11325,4823
684,547,865,11374,4849
680,553,866,11382,4853
680,555,867,11394,4857
680,555,868,11402,4862
682,554,873,11447,4885
683,554,875,11465,4894
764,512,883,11552,4935
817,489,884,11562,4939
774,522,885,11571,4946
753,540,886,11584,4951
743,547,887,11593,4956
716,600,891,11633,4977
632,659,892,11643,4982
577,648,893,11656,4987
630,594,894,11665,4992
666,553,896,11685,5003
703,469,897,11699,5008
754,385,898,11709,5012
846,328,899,11719,5020
901,264,900,11729,5025
919,247,901,11739,5029
923,247,902,11749,5035
920,251,903,11760,5039
916,251,904,11772,5045
905,236,905,11783,5050
896,228,906,11792,5057
893,225,907,11802,5061
891,225,908,11811,5066
890,225,909,11824,5071
887,224,910,11834,5076
891,245,911,11843,5082
896,256,912,11853,5087
906,262,913,11867,5092
931,315,914,11876,5097
920,435,915,11887,5104
844,512,916,11897,5108
764,555,917,11907,5114
736,567,918,11916,5119
729,565,919,11927,5124
729,560,920,11936,5128
732,553,921,11949,5133
646,495,922,11960,5138
504,492,923,11971,5145
450,496,924,11981,5150
415,504,925,11990,5155
369,505,926,12002,5161
361,510,927,12012,5165
363,512,928,12022,5171
370,513,929,12035,5176
375,513,930,12044,5181
379,513,931,12053,5188
381,513,932,12066,5192
381,512,933,12076,5197
374,512,934,12086,5203
368,514,935,12095,5208
360,523,936,12105,5213
358,526,937,12114,5218
357,532,938,12127,5222
357,548,939,12138,5227
360,562,940,12151,5234
387,585,941,12161,5239
545,576,942,12174,5246
656,558,943,12182,5251
711,576,948,12238,5278
782,685,949,12248,5284
915,731,950,12258,5289
1015,719,951,12271,5294
1075,655,952,12281,5299
1089,631,953,12290,5306
1084,637,954,12300,5311
1075,640,955,12313,5315
1061,664,956,12324,5320
1046,683,957,12334,5326
1044,695,958,12345,5332
1033,713,959,12357,5337
1017,739,960,12368,5343
1008,756,961,12377,5348
1000,760,962,12391,5354
985,776,963,12401,5359
971,803,964,12410,5365
967,823,965,12423,5370
958,819,966,12433,5375
930,841,967,12442,5382
917,846,968,12453,5387
892,826,969,12466,5391
823,746,970,12475,5396
737,617,971,12487,5404
706,570,972,12497,5408
698,557,973,12509,5414
695,556,974,12518,5419
699,559,975,12530,5425
703,565,976,12540,5429
709,569,977,12553,5435
712,570,978,12563,5440
729,473,979,12576,5445
776,339,980,12586,5451
788,267,981,12600,5457
780,208,982,12611,5462
767,185,983,12620,5470
754,180,984,12630,5476
747,179,985,12640,5481
739,174,986,12651,5485
735,175,987,12660,5490
729,177,988,12673,5495
728,183,989,12680,5500
728,196,990,12692,5507
725,202,991,12701,5510
713,192,992,12713,5516
699,182,993,12721,5521
690,170,994,12734,5527
685,166,995,12743,5531
688,173,996,12754,5537
694,191,997,12762,5542
693,205,998,12775,5547
693,210,999,12784,5552
686,209,1000,12797,5558
675,203,1001,12806,5562
660,194,1002,12819,5569
655,186,1003,12828,5573
655,186,1004,12840,5579
656,187,1005,12849,5584
662,205,1006,12859,5590
710,238,1007,12872,5595
742,315,1008,12881,5599
736,464,1009,12894,5606
722,670,1013,12943,5630
652,763,1014,12954,5635
578,840,1015,12966,5641
585,892,1016,12976,5647
621,916,1017,12985,5654
625,911,1018,12995,5658
551,849,1019,13008,5663
537,730,1020,13018,5668
612,603,1021,13028,5674
663,543,1022,13041,5679
617,475,1024,13060,5691
522,450,1025,13072,5695
421,479,1026,13081,5700
392,570,1027,13092,5706
479,631,1028,13105,5711
574,664,1029,13115,5716
639,806,1030,13125,5723
674,889,1031,13135,5728
681,916,1032,13152,5733
651,919,1033,13166,5738
613,909,1034,13176,5743
567,884,1035,13185,5751
531,870,1036,13195,5757
509,849,1037,13208,5763
506,837,1038,13216,5768
497,837,1039,13225,5774
475,818,1040,13238,5779
474,809,1041,13247,5783
467,805,1042,13259,5789
449,787,1043,13269,5794
416,740,1044,13279,5800
388,713,1045,13288,5805
379,704,1046,13300,5809
378,691,1047,13311,5814
366,639,1048,13321,5821
352,598,1049,13329,5826
349,583,1050,13340,5831
353,561,1051,13351,5835
375,481,1052,13362,5841
387,443,1053,13377,5845
521,482,1064,13490,5906
650,511,1065,13502,5911
698,527,1066,13517,5915
710,532,1067,13527,5921
708,535,1068,13539,5929
703,535,1069,13549,5934
698,534,1070,13561,5940
693,532,1071,13573,5944
690,532,1072,13582,5951
688,532,1073,13593,5957
688,532,1074,13602,5961
1055,641,1104,13945,6132
1071,668,1108,13985,6152
1073,676,1112,14028,6173
1186,738,1113,14038,6178
1129,705,1114,14051,6184
1199,711,1115,14060,6189
1099,682,1116,14069,6196
1171,728,1117,14082,6200
1086,689,1118,14092,6205
1051,671,1120,14113,6216
1037,666,1122,14132,6227
1037,664,1124,14152,6237
1040,660,1125,14164,6241
1040,666,1126,14173,6246
1038,669,1128,14195,6257
1044,660,1129,14204,6262
1043,667,1130,14217,6268
1045,661,1131,14226,6272
1043,669,1132,14236,6279
1045,663,1135,14269,6293
1044,668,1136,14281,6300
1042,672,1140,14322,6320
794,560,1142,14344,6332
955,629,1158,14512,6417
748,560,1210,15051,6686
688,510,1218,15145,6732
688,507,1219,15155,6737
694,510,1220,15165,6743
700,513,1221,15176,6747
708,519,1222,15188,6753
695,549,1246,15439,6878
685,556,1247,15450,6885
677,551,1248,15459,6890
671,549,1300,15998,7160
671,548,1301,16010,7165
682,517,1306,16064,7191
698,476,1307,16073,7197
706,496,1308,16083,7202
725,563,1312,16121,7221
714,634,1313,16134,7226
709,605,1314,16143,7231
708,592,1315,16153,7237
710,585,1316,16166,7242
710,582,1317,16175,7246
710,580,1318,16188,7253
711,579,1319,16198,7258
714,578,1320,16207,7264
715,578,1321,16216,7269
715,577,1322,16227,7274
715,577,1323,16240,7279
715,576,1324,16249,7283
715,577,1325,16259,7290
713,576,1326,16271,7295
712,577,1327,16282,7300
713,578,1328,16292,7306
717,573,1329,16305,7311
720,568,1330,16315,7316
719,570,1331,16325,7322
723,566,1334,16356,7337
735,564,1335,16365,7343
789,557,1336,16375,7348
851,570,1337,16384,7353
868,574,1338,16394,7357
894,602,1339,16404,7363
938,662,1340,16417,7367
960,697,1341,16426,7372
985,711,1342,16437,7378
1023,694,1343,16447,7383
918,606,1348,16499,7410
794,574,1349,16510,7415
736,558,1350,16523,7419
718,553,1351,16532,7426
716,553,1352,16544,7432
1020,668,1353,16554,7436
831,598,1354,16566,7442
1080,678,1355,16576,7447
850,599,1356,16585,7453
764,570,1357,16594,7458
732,559,1358,16607,7463
722,556,1359,16616,7467
722,556,1360,16629,7474
726,557,1361,16637,7478
729,559,1362,16651,7484
728,546,1445,17513,7916
716,521,1446,17521,7921
713,514,1447,17534,7926
712,511,1448,17544,7931
713,511,1449,17554,7937
724,510,1453,17596,7959
719,504,1454,17609,7964
670,509,1456,17631,7975
700,493,1457,17641,7980
780,440,1458,17651,7986
809,461,1459,17661,7991
766,512,1460,17672,7995
745,534,1461,17682,8001
737,542,1462,17695,8006
732,546,1468,17760,8039
731,542,1474,17821,8071
729,539,1476,17838,8081
733,538,1480,17880,8101
734,537,1481,17892,8106
736,535,1482,17901,8110
742,535,1483,17914,8116
736,530,1489,17974,8148
735,526,1490,17987,8153
735,525,1491,17997,8158
739,530,1492,18006,8164
715,562,1509,18188,8254
697,569,1517,18274,8297
687,566,1518,18287,8302
683,562,1519,18297,8307
681,556,1520,18307,8314
681,554,1521,18317,8319
678,556,1522,18328,8324
679,551,1523,18340,8329
679,549,1524,18350,8334
686,521,1525,18363,8341
689,508,1526,18373,8345
700,419,1527,18383,8352
699,340,1528,18394,8357
678,264,1529,18405,8362
668,209,1530,18414,8367
670,194,1531,18424,8373
667,195,1532,18437,8378
677,205,1533,18446,8382
705,318,1534,18460,8389
718,439,1535,18469,8394
723,515,1536,18479,8400
724,538,1537,18492,8405
723,543,1539,18513,8416
722,538,1541,18532,8426
729,536,1543,18554,8436
830,554,1544,18567,8443
900,612,1545,18576,8447
951,720,1546,18586,8453
996,761,1547,18595,8458
997,773,1548,18607,8463
920,787,1549,18616,8468
802,699,1550,18629,8474
732,616,1551,18638,8478
656,605,1561,18741,8532
597,625,1562,18752,8535
580,709,1563,18765,8541
621,799,1564,18775,8546
667,883,1565,18785,8553
687,912,1566,18794,8557
700,922,1567,18808,8562
704,921,1568,18817,8567
717,918,1569,18828,8574
734,920,1570,18841,8579
736,920,1571,18849,8584
733,923,1572,18859,8591
725,914,1573,18871,8594
719,905,1574,18882,8599
717,900,1575,18892,8606
716,900,1576,18903,8611
716,900,1577,18912,8616
716,901,1578,18924,8621
716,901,1579,18934,8626
716,901,1580,18947,8632
714,900,1581,18957,8637
697,883,1582,18967,8644
641,819,1583,18977,8648
622,696,1584,18987,8653
667,591,1585,18997,8659
683,556,1586,19010,8664
690,549,1587,19020,8668
693,553,1588,19029,8675
693,558,1589,19043,8680
693,564,1590,19052,8685
695,566,1591,19062,8692
693,567,1592,19074,8696
604,573,1593,19084,8701
551,596,1594,19093,8707
538,593,1595,19107,8712
536,593,1596,19118,8717
538,592,1597,19127,8724
535,597,1598,19138,8729
484,643,1599,19148,8734
429,709,1600,19163,8739
433,751,1601,19173,8744
510,696,1602,19182,8751
625,598,1603,19195,8757
678,560,1604,19206,8761
695,545,1605,19216,8767
696,540,1606,19227,8773
826,611,1608,19246,8784
939,649,1609,19257,8788
1029,653,1610,19270,8793
1069,632,1611,19280,8798
891,585,1619,19367,8843
1112,678,1626,19442,8880
1231,752,1627,19453,8886
905,621,1670,19912,9116
788,574,1671,19922,9121
752,593,1679,20012,9165
725,640,1680,20021,9169
703,667,1681,20032,9176
701,676,1682,20042,9181
704,681,1683,20055,9186
709,682,1684,20065,9191
712,682,1685,20075,9198
715,681,1686,20085,9203
716,680,1687,20095,9207
717,678,1688,20105,9212
719,679,1689,20114,9217
720,680,1690,20127,9223
721,680,1691,20137,9228
722,680,1692,20147,9234
722,680,1693,20159,9238
722,680,1694,20172,9244
721,680,1695,20183,9250
722,681,1696,20193,9256
725,682,1697,20204,9261
728,682,1698,20214,9267
729,682,1699,20225,9272
731,685,1700,20234,9277
730,683,1701,20244,9282
737,686,1702,20256,9287
742,689,1703,20264,9292
744,690,1704,20278,9297
731,662,1705,20289,9302
711,603,1706,20295,9308
703,579,1707,20310,9314
700,573,1708,20319,9318
702,573,1709,20330,9325
784,602,1718,20425,9373
796,639,1719,20438,9378
749,606,1720,20449,9383
645,534,1724,20493,9406
578,440,1725,20504,9411
567,335,1726,20514,9417
560,247,1727,20525,9422
557,221,1728,20534,9427
553,225,1729,20544,9432
498,275,1730,20558,9437
472,294,1731,20568,9442
464,304,1732,20577,9448
466,306,1733,20588,9453
496,356,1734,20598,9459
591,439,1735,20608,9464
678,512,1736,20618,9469
709,539,1737,20629,9475
714,542,1738,20639,9479
714,540,1739,20653,9485
724,540,1740,20660,9489
856,609,1741,20669,9496
958,659,1742,20683,9500
1024,697,1743,20693,9505
1049,706,1744,20705,9512
1056,710,1745,20715,9517
1054,711,1746,20729,9523
1033,713,1747,20739,9528
917,733,1748,20749,9534
793,683,1749,20761,9540
722,615,1750,20772,9545
716,592,1774,21032,9676
758,623,1775,21040,9681
822,607,1776,21050,9686
860,563,1777,21060,9690
872,539,1778,21070,9695
872,521,1779,21083,9700
855,495,1780,21094,9705
837,480,1781,21104,9712
830,475,1782,21114,9717
816,477,1783,21124,9722
759,515,1784,21135,9727
732,533,1785,21145,9732
726,539,1786,21159,9738
718,541,1787,21169,9743
724,513,1788,21177,9750
780,442,1789,21190,9755
831,410,1790,21201,9758
929,437,1791,21211,9765
968,464,1792,21221,9771
979,475,1793,21232,9776
979,480,1794,21242,9781
975,481,1795,21254,9786
972,482,1796,21266,9791
968,482,1797,21275,9796
977,487,1798,21289,9803
971,517,1799,21299,9808
906,554,1800,21308,9814
789,563,1801,21319,9819
717,594,1805,21363,9841
650,706,1806,21376,9846
606,848,1810,21419,9868
657,881,1811,21430,9875
684,805,1812,21441,9880
689,679,1813,21452,9885
693,601,1814,21462,9891
695,573,1815,21471,9896
696,565,1816,21482,9901
696,566,1817,21493,9906
695,570,1818,21506,9911
794,331,1852,21877,10098
826,247,1856,21917,10120
842,213,1859,21948,10135
845,209,1860,21961,10139
800,499,1861,21971,10144
822,324,1862,21981,10150
813,611,1863,21992,10155
824,363,1864,22001,10161
826,266,1865,22011,10166
828,234,1866,22020,10171
849,95,1867,22032,10176
706,374,1868,22042,10180
618,418,1869,22052,10186
540,387,1870,22062,10191
467,343,1871,22075,10196
424,372,1872,22085,10201
510,468,1873,22093,10208
631,520,1874,22104,10213
686,541,1875,22114,10217
704,546,1876,22124,10222
707,545,1877,22136,10227
700,558,1878,22147,10232
677,675,1879,22159,10238
788,741,1880,22165,10244
904,772,1881,22178,10249
972,788,1882,22187,10253
1028,701,1883,22197,10259
962,640,1884,22207,10263
822,589,1885,22220,10268
824,321,1886,22229,10274
730,433,1888,22249,10285
598,419,1889,22264,10290
522,462,1890,22273,10294
393,503,1891,22283,10302
350,521,1892,22293,10307
357,548,1893,22307,10312
461,579,1894,22317,10317
619,559,1895,22327,10323
684,550,1896,22337,10328
705,546,1897,22348,10334
713,544,1898,22359,10339
707,545,1899,22369,10344
712,539,1900,22379,10350
816,448,1901,22392,10355
879,355,1902,22402,10360
895,345,1903,22413,10366
897,345,1904,22422,10371
913,329,1905,22433,10376
940,344,1906,22444,10381
927,435,1907,22455,10386
809,528,1908,22465,10392
753,557,1909,22474,10397
734,565,1910,22484,10403
712,551,1911,22495,10407
620,410,1912,22505,10413
620,300,1913,22515,10418
678,216,1914,22528,10423
710,186,1915,22537,10428
767,183,1916,22547,10434
811,192,1917,22558,10439
837,201,1918,22571,10443
844,214,1919,22581,10449
887,299,1920,22592,10456
845,428,1921,22601,10461
767,521,1922,22614,10466
736,552,1923,22624,10471
726,558,1924,22638,10477
724,555,1925,22647,10482
724,548,1926,22661,10489
726,543,1927,22670,10494
727,539,1928,22681,10501
728,535,1929,22691,10505
728,534,1930,22703,10510
732,531,1931,22714,10516
734,528,1932,22723,10522
954,632,1936,22769,10542
1035,668,1938,22789,10555
1061,678,1940,22812,10565
1067,685,1941,22821,10571
1063,677,1942,22834,10576
853,592,1943,22843,10581
775,561,1944,22854,10587
748,550,1945,22864,10592
745,548,1946,22878,10596
836,554,1947,22888,10602
971,621,1948,22897,10609
1029,671,1949,22909,10614
1050,693,1950,22920,10618
988,742,1951,22930,10625
874,712,1952,22940,10630
776,628,1953,22950,10635
732,586,1954,22960,10640
679,587,1984,23282,10801
682,601,1985,23294,10806
690,632,1986,23303,10811
648,653,1987,23316,10817
639,655,1988,23327,10822
603,585,1989,23336,10828
619,513,1994,23391,10856
668,518,1995,23404,10861
689,521,1996,23414,10865
697,526,1997,23424,10872
700,530,1998,23434,10877
702,531,1999,23444,10882
732,481,2000,23459,10887
735,415,2001,23470,10892
639,358,2002,23479,10898
560,413,2003,23490,10904
484,530,2004,23500,10909
449,652,2005,23513,10914
548,716,2006,23522,10920
632,707,2007,23535,10926
678,619,2008,23545,10931
696,579,2010,23570,10943
787,618,2012,23591,10954
862,756,2013,23605,10960
867,853,2014,23616,10966
817,837,2015,23623,10972
767,700,2016,23633,10978
732,619,2017,23645,10981
479,471,2018,23659,10987
393,429,2019,23668,10992
366,411,2022,23703,11010
642,404,2023,23712,11015
842,362,2024,23726,11021
986,371,2025,23736,11027
981,502,2026,23745,11033
958,644,2027,23758,11038
983,724,2028,23768,11043
1035,662,2029,23779,11049
1067,567,2030,23789,11054
1046,510,2031,23798,11059
931,535,2032,23808,11065
807,554,2033,23818,11069
588,555,2037,23864,11090
437,543,2038,23875,11095
354,509,2039,23885,11102
334,504,2040,23895,11108
361,561,2041,23905,11113
461,578,2042,23915,11117
614,560,2043,23926,11123
680,552,2044,23936,11128
702,550,2045,23950,11133
705,549,2046,23961,11138
702,548,2047,23971,11145
698,548,2048,23981,11150
692,549,2049,23991,11155
690,549,2050,24004,11160
688,550,2051,24014,11165
467,479,2054,24047,11182
394,440,2055,24061,11188
559,618,2059,24102,11211
688,720,2060,24112,11217
785,691,2061,24123,11221
828,481,2064,24160,11238
839,311,2065,24167,11244
846,229,2066,24180,11250
846,203,2067,24190,11253
837,196,2068,24199,11260
778,219,2069,24209,11265
755,314,2070,24219,11270
731,461,2071,24229,11275
719,526,2072,24243,11280
716,547,2073,24254,11285
710,551,2074,24265,11292
708,547,2075,24276,11297
710,541,2076,24286,11303
712,537,2077,24296,11308
712,533,2078,24306,11313
712,530,2079,24317,11318
712,527,2080,24330,11323
712,527,2081,24340,11328
716,521,2085,24381,11351
717,519,2086,24394,11356
697,518,2088,24414,11367
607,445,2089,24424,11372
560,336,2090,24434,11377
549,256,2091,24448,11382
583,233,2092,24458,11387
670,365,2093,24466,11394
704,475,2094,24476,11399
715,518,2095,24490,11403
760,609,2097,24510,11415
730,752,2098,24522,11420
662,808,2099,24532,11425
639,814,2100,24542,11431
633,799,2101,24553,11436
637,798,2102,24563,11442
640,794,2103,24578,11447
640,832,2104,24584,11452
671,880,2105,24597,11459
702,898,2106,24607,11462
705,904,2107,24618,11469
706,903,2108,24628,11474
748,898,2109,24638,11479
807,891,2110,24647,11484
833,887,2111,24658,11489
862,867,2112,24668,11494
850,823,2113,24678,11499
836,722,2114,24691,11504
763,616,2115,24700,11509
739,545,2124,24794,11558
749,482,2125,24805,11562
754,416,2126,24815,11567
736,331,2127,24829,11572
713,224,2128,24839,11578
713,197,2129,24851,11585
742,290,2130,24860,11590
738,441,2131,24869,11595
741,535,2135,24916,11617
819,616,2136,24925,11621
944,543,2137,24935,11628
1023,453,2138,24948,11633
1039,403,2139,24958,11637
924,417,2140,24968,11644
808,507,2141,24978,11649
748,544,2142,24991,11654
728,557,2143,25002,11659
725,559,2144,25011,11666
727,560,2145,25022,11671
652,511,2146,25035,11676
513,486,2147,25046,11681
389,504,2148,25056,11688
375,567,2149,25065,11693
494,587,2150,25075,11698
625,557,2151,25084,11703
678,544,2152,25094,11708
691,538,2153,25108,11712
673,572,2154,25117,11717
559,700,2155,25127,11724
500,790,2156,25138,11728
492,833,2157,25149,11734
524,868,2158,25159,11739
546,875,2159,25172,11744
620,846,2160,25182,11749
671,673,2161,25192,11756
695,586,2162,25205,11761
738,546,2165,25236,11778
895,535,2166,25246,11783
1023,552,2167,25259,11788
1035,644,2168,25269,11793
948,787,2169,25279,11800
866,872,2170,25289,11805
828,902,2171,25300,11810
815,905,2172,25311,11815
782,912,2173,25321,11820
701,909,2174,25331,11826
653,903,2175,25342,11831
641,900,2176,25353,11836
619,895,2177,25363,11841
538,826,2178,25374,11846
550,682,2179,25384,11852
634,582,2180,25395,11857
670,549,2181,25408,11862
684,543,2182,25417,11867
568,466,2183,25430,11874
448,487,2184,25440,11879
384,583,2185,25450,11885
364,620,2186,25463,11890
362,634,2187,25472,11895
363,637,2188,25482,11902
370,640,2189,25496,11906
435,677,2190,25507,11911
598,622,2191,25517,11918
675,580,2192,25527,11923
698,565,2193,25539,11928
719,670,2194,25550,11934
713,822,2195,25560,11939
705,889,2196,25569,11945
633,879,2197,25579,11950
581,853,2198,25589,11955
517,831,2199,25603,11960
468,814,2200,25613,11964
438,813,2201,25623,11972
442,799,2202,25633,11976
446,788,2203,25644,11982
447,772,2204,25655,11987
513,680,2205,25664,11992
627,573,2206,25673,11997
685,528,2208,25696,12007
675,461,2209,25706,12013
673,442,2210,25719,12018
665,445,2211,25729,12023
636,397,2212,25739,12029
552,377,2213,25750,12035
430,400,2214,25763,12040
382,410,2215,25774,12045
357,403,2216,25783,12052
353,406,2217,25796,12057
373,407,2218,25806,12062
394,397,2219,25819,12068
493,328,2220,25830,12073
659,390,2221,25840,12080
721,480,2222,25853,12084
737,516,2223,25863,12090
736,531,2224,25876,12097
729,535,2226,25898,12108
813,331,2265,26322,12319
834,254,2266,26332,12324
857,106,2268,26354,12336
849,178,2269,26365,12341
839,207,2271,26385,12353
842,221,2272,26398,12357
835,234,2273,26409,12362
835,232,2274,26418,12369
830,233,2275,26428,12374
836,234,2276,26438,12379
828,236,2277,26451,12384
865,143,2278,26461,12389
841,202,2279,26471,12395
737,432,2280,26482,12400
792,306,2281,26491,12405
822,256,2282,26502,12411
823,238,2283,26515,12416
838,229,2284,26525,12421
829,225,2285,26535,12428
832,228,2286,26544,12433
840,230,2288,26569,12442
827,228,2289,26580,12448
828,228,2290,26589,12455
833,231,2292,26610,12465
825,228,2293,26620,12470
833,232,2294,26630,12475
834,233,2296,26652,12485
827,228,2297,26662,12491
827,229,2298,26676,12496
827,226,2300,26696,12508
829,228,2302,26719,12518
837,233,2303,26728,12523
832,231,2306,26761,12539
829,229,2319,26899,12610
729,465,2417,27934,13128
689,552,2418,27945,13133
675,578,2419,27955,13137
672,581,2420,27964,13142
672,576,2421,27977,13147
674,571,2422,27991,13153
677,565,2423,28001,13159
678,559,2424,28011,13165
681,560,2425,28021,13171
679,548,2442,28205,13259
721,546,2451,28303,13312
737,545,2452,28313,13317
742,542,2453,28326,13322
745,546,2454,28336,13327
744,551,2455,28346,13333
739,549,2456,28356,13338
734,551,2457,28369,13343
733,550,2458,28380,13348
734,551,2459,28390,13355
738,542,2460,28400,13360
764,549,2461,28410,13365
744,561,2462,28421,13370
734,566,2463,28434,13375
732,567,2464,28443,13380
731,567,2465,28453,13387
731,567,2466,28466,13392
731,566,2467,28475,13397
732,566,2468,28485,13403
733,565,2469,28497,13408
732,572,2470,28506,13413
737,574,2471,28515,13419
744,576,2472,28524,13424
749,577,2473,28534,13428
752,581,2474,28545,13432
755,586,2475,28556,13437
756,587,2476,28567,13442
771,597,2477,28577,13448
782,585,2478,28587,13453
774,543,2479,28597,13459
755,498,2480,28610,13464
712,406,2481,28620,13468
682,262,2482,28630,13475
670,209,2483,28641,13480
668,200,2484,28653,13486
710,208,2485,28663,13490
823,234,2486,28673,13496
919,310,2487,28685,13501
895,446,2488,28695,13507
798,534,2489,28706,13513
754,564,2490,28717,13518
737,570,2491,28727,13523
732,566,2492,28738,13529
736,581,2497,28791,13555
748,635,2498,28805,13560
740,741,2499,28815,13565
625,736,2500,28826,13572
518,684,2501,28836,13577
403,660,2502,28846,13583
366,649,2503,28853,13588
357,653,2504,28864,13593
363,665,2505,28876,13596
378,693,2506,28885,13602
388,711,2507,28894,13608
436,725,2508,28905,13613
531,692,2509,28914,13617
646,603,2510,28923,13623
749,566,2513,28955,13637
888,498,2514,28965,13642
957,395,2515,28974,13647
949,326,2516,28984,13652
941,309,2517,28994,13657
932,307,2518,29007,13662
918,284,2519,29017,13667
856,239,2520,29027,13674
809,350,2523,29062,13689
751,483,2524,29073,13696
729,533,2525,29085,13701
724,549,2526,29094,13707
725,550,2527,29104,13713
727,546,2528,29114,13717
832,204,2533,29174,13744
893,37,2534,29184,13751
825,167,2537,29218,13767
767,413,2538,29228,13772
735,501,2539,29238,13779
717,506,2540,29249,13784
699,499,2541,29259,13789
689,491,2542,29270,13794
612,463,2543,29284,13800
543,373,2544,29294,13805
466,333,2545,29304,13812
423,339,2549,29351,13833
412,342,2552,29381,13851
501,465,2556,29424,13872
633,515,2557,29435,13877
686,535,2558,29445,13882
703,539,2559,29459,13887
706,540,2560,29470,13892
702,539,2561,29480,13899
698,536,2562,29490,13905
722,520,2580,29680,14001
733,481,2581,29693,14005
737,390,2582,29702,14011
738,359,2583,29713,14017
738,352,2584,29726,14022
738,355,2585,29736,14026
741,361,2586,29746,14033
749,366,2587,29757,14038
760,372,2588,29770,14043
771,373,2589,29780,14048
820,359,2590,29789,14055
853,393,2591,29803,14060
797,485,2592,29813,14065
783,633,2597,29869,14093
718,739,2598,29880,14100
661,761,2599,29890,14105
532,964,2600,29900,14110
543,924,2603,29936,14127
552,902,2604,29947,14131
556,885,2605,29955,14138
558,875,2606,29964,14143
557,866,2607,29974,14147
557,861,2608,29985,14152
557,859,2609,29997,14157
560,862,2610,30006,14162
557,881,2611,30015,14169
556,889,2612,30025,14173
555,891,2613,30035,14178
562,877,2614,30045,14182
564,869,2615,30056,14188
564,865,2616,30069,14193
582,857,2617,30076,14198
622,727,2618,30086,14205
661,629,2619,30096,14208
690,572,2620,30106,14213
700,555,2621,30115,14218
702,554,2622,30129,14223
702,557,2623,30139,14228
700,563,2624,30150,14235
699,567,2625,30161,14240
698,570,2626,30171,14245
697,572,2627,30182,14251
695,574,2628,30192,14256
694,574,2629,30202,14261
693,575,2630,30213,14266
693,575,2631,30224,14271
693,574,2632,30231,14276
695,574,2633,30243,14282
718,591,2634,30254,14285
815,622,2635,30264,14292
830,549,2636,30274,14297
837,472,2637,30288,14302
875,372,2638,30294,14307
879,262,2639,30309,14314
879,227,2640,30319,14317
882,224,2641,30329,14324
883,227,2642,30341,14329
897,240,2643,30355,14335
894,339,2644,30365,14341
808,457,2645,30375,14347
794,581,2650,30426,14373
984,577,2653,30457,14389
1034,551,2654,30467,14393
949,561,2655,30480,14398
823,568,2656,30490,14403
749,569,2657,30500,14410
726,568,2658,30510,14415
721,566,2659,30520,14420
620,791,2670,30638,14479
521,961,2671,30652,14484
556,924,2672,30662,14489
534,1005,2673,30672,14496
550,1024,2674,30683,14501
581,930,2675,30693,14506
543,1002,2677,30716,14516
562,1005,2678,30727,14523
503,1041,2679,30736,14528
712,663,2680,30747,14533
828,459,2681,30757,14538
802,348,2682,30770,14543
727,350,2683,30779,14549
711,443,2684,30793,14555
708,492,2685,30803,14560
638,570,2686,30812,14567
570,655,2687,30823,14571
519,758,2688,30834,14576
487,822,2689,30846,14581
481,838,2690,30856,14587
517,822,2691,30866,14593
571,717,2692,30879,14598
651,608,2693,30889,14603
701,568,2695,30912,14615
793,646,2696,30922,14620
825,784,2697,30932,14626
818,868,2698,30942,14631
811,896,2699,30954,14636
742,887,2700,30964,14641
687,798,2701,30975,14646
686,649,2702,30983,14652
692,583,2703,30993,14657
696,561,2704,31003,14662
598,453,2706,31027,14672
488,356,2707,31037,14678
442,318,2708,31045,14683
431,308,2709,31057,14689
426,321,2710,31069,14693
478,387,2711,31078,14698
622,475,2712,31090,14704
689,517,2713,31100,14709
767,579,2716,31130,14725
879,664,2717,31139,14729
1005,672,2718,31151,14735
1067,640,2719,31164,14740
1084,624,2720,31174,14745
1076,608,2721,31183,14750
925,580,2722,31194,14757
788,573,2723,31207,14761
725,568,2724,31217,14767
704,567,2725,31226,14774
704,568,2726,31237,14779
726,535,2727,31247,14783
821,425,2728,31258,14788
879,333,2729,31268,14794
843,251,2730,31279,14799
819,208,2731,31289,14804
806,197,2732,31298,14809
746,235,2733,31310,14815
725,333,2734,31323,14819
722,471,2735,31333,14825
719,526,2736,31342,14832
719,544,2737,31352,14837
717,547,2738,31365,14841
595,560,2739,31374,14846
451,556,2740,31388,14852
385,513,2741,31398,14857
403,405,2742,31409,14864
482,286,2743,31419,14869
559,224,2744,31429,14874
595,203,2745,31438,14879
588,198,2746,31448,14885
579,200,2747,31462,14889
571,200,2748,31471,14894
576,224,2749,31480,14901
585,232,2750,31490,14906
674,269,2751,31501,14911
746,334,2752,31514,14915
785,374,2753,31521,14921
780,437,2754,31531,14927
756,508,2755,31544,14930
757,598,2760,31593,14957
825,742,2761,31604,14962
864,853,2762,31615,14967
876,891,2763,31625,14972
876,898,2764,31635,14978
873,892,2765,31650,14983
867,890,2766,31660,14988
838,898,2767,31670,14995
819,896,2768,31682,15000
786,905,2769,31692,15005
735,909,2770,31702,15011
659,903,2771,31713,15017
613,899,2772,31721,15021
571,887,2773,31731,15026
539,874,2774,31744,15031
521,860,2775,31758,15036
491,831,2776,31768,15042
437,763,2777,31777,15049
406,718,2778,31787,15054
425,619,2779,31800,15059
523,533,2780,31810,15064
640,517,2781,31819,15070
684,518,2782,31833,15075
697,524,2783,31843,15080
699,530,2784,31855,15087
696,537,2785,31865,15092
693,541,2786,31875,15097
690,544,2787,31886,15103
686,545,2788,31896,15108
685,545,2789,31907,15113
684,546,2790,31920,15118
683,545,2791,31930,15124
682,545,2792,31941,15130
682,545,2793,31951,15135
682,545,2794,31961,15141
710,511,2802,32051,15184
833,405,2803,32060,15190
951,353,2804,32070,15195
1010,339,2805,32080,15200
1032,346,2806,32090,15205
1056,389,2807,32104,15210
1028,475,2808,32110,15215
853,531,2809,32124,15222
766,555,2810,32134,15225
715,577,2813,32169,15244
654,690,2814,32179,15249
630,764,2815,32189,15255
628,785,2816,32201,15259
607,802,2817,32211,15265
608,859,2818,32222,15271
627,895,2819,32233,15276
678,896,2820,32240,15281
702,805,2821,32253,15286
700,680,2822,32263,15290
705,591,2823,32272,15296
707,561,2824,32282,15302
707,555,2825,32294,15306
707,557,2826,32304,15311
707,562,2827,32314,15317
707,566,2828,32325,15322
707,569,2829,32334,15327
706,574,2830,32344,15332
706,576,2831,32360,15337
706,577,2832,32370,15342
706,577,2833,32377,15349
706,578,2834,32390,15354
706,577,2835,32400,15358
816,513,2845,32507,15413
946,385,2846,32522,15420
993,337,2847,32532,15423
1005,325,2848,32542,15430
1005,324,2849,32554,15436
1001,327,2850,32569,15441
995,331,2851,32579,15446
990,336,2852,32592,15453
986,340,2853,32603,15458
984,340,2854,32614,15465
984,338,2855,32627,15470
987,343,2856,32637,15476
987,347,2857,32648,15483
987,348,2858,32658,15488
987,347,2859,32669,15494
991,339,2860,32679,15499
1003,350,2861,32693,15504
1025,365,2862,32703,15510
1043,371,2863,32713,15516
1049,367,2864,32726,15522
1049,367,2865,32735,15527
1032,371,2866,32746,15533
1011,355,2867,32757,15538
1007,342,2868,32777,15543
1016,335,2869,32784,15549
1028,337,2870,32798,15557
1029,337,2871,32808,15561
1034,333,2872,32818,15568
1037,333,2873,32829,15573
1024,334,2874,32839,15579
1006,336,2875,32850,15584
1025,578,2876,32864,15590
970,508,2877,32874,15595
1026,636,2878,32884,15602
824,582,2879,32893,15607
963,652,2880,32904,15612
799,581,2881,32915,15617
969,647,2882,32928,15622
843,666,2883,32938,15627
895,784,2884,32951,15634
919,829,2885,32961,15639
933,841,2886,32971,15645
932,847,2887,32981,15650
930,843,2888,32990,15656
926,843,2889,33004,15661
909,858,2890,33014,15665
887,865,2891,33023,15672
848,880,2892,33033,15677
830,885,2893,33044,15682
826,885,2894,33055,15687
829,888,2895,33066,15692
822,888,2896,33075,15697
739,839,2897,33088,15703
679,767,2898,33097,15708
930,688,2899,33109,15714
1029,654,2900,33119,15719
1060,651,2901,33132,15725
890,596,2903,33156,15736
939,577,2904,33166,15741
998,587,2905,33177,15748
1014,591,2906,33190,15753
1022,656,2907,33201,15758
900,714,2908,33211,15764
784,645,2909,33222,15770
725,595,2910,33236,15776
707,576,2911,33251,15780
705,570,2912,33262,15786
708,568,2913,33273,15794
714,569,2914,33287,15799
718,570,2915,33298,15805
722,572,2916,33309,15810
724,573,2917,33319,15816
725,574,2918,33329,15821
727,576,2919,33339,15827
728,576,2920,33349,15833
729,578,2922,33372,15844
720,584,2923,33383,15851
651,660,2924,33393,15856
579,774,2925,33402,15861
534,840,2926,33412,15866
517,855,2927,33422,15871
477,784,2928,33431,15876
410,681,2929,33445,15881
369,628,2930,33456,15886
334,627,2931,33466,15892
327,634,2932,33476,15898
328,642,2933,33487,15903
333,646,2934,33499,15908
364,651,2935,33508,15913
381,661,2936,33521,15920
387,662,2937,33531,15924
398,697,2938,33540,15931
414,720,2939,33551,15935
502,714,2940,33562,15940
604,641,2941,33575,15945
679,576,2942,33586,15951
700,553,2943,33597,15958
703,548,2944,33608,15963
768,628,2945,33620,15968
846,772,2946,33630,15974
848,866,2947,33640,15980
836,902,2948,33651,15985
814,916,2949,33660,15990
808,925,2950,33673,15996
803,931,2951,33684,16000
803,937,2952,33693,16006
801,936,2953,33706,16012
804,913,2954,33716,16017
821,430,2955,33726,16023
878,699,2956,33736,16028
894,812,2957,33747,16033
892,850,2958,33762,16038
851,416,2959,33772,16043
887,717,2960,33782,16051
899,829,2961,33795,16056
853,413,2962,33804,16061
882,708,2963,33817,16068
845,376,2964,33826,16072
803,547,2965,33837,16079
821,319,2966,33846,16083
821,233,2967,33857,16089
827,215,2968,33869,16093
826,212,2969,33879,16098
831,217,2970,33889,16105
800,428,2971,33901,16110
820,301,2972,33912,16115
973,446,2973,33924,16121
968,599,2974,33933,16126
827,615,2975,33942,16132
826,357,2976,33955,16137
824,257,2978,33973,16148
729,493,2979,33987,16152
695,599,2980,33996,16157
692,645,2981,34008,16163
695,657,2982,34017,16168
717,643,2983,34027,16174
746,609,2984,34036,16179
767,587,2985,34050,16184
763,560,2986,34056,16188
733,480,2987,34069,16195
704,416,2988,34079,16198
650,262,2989,34089,16205
633,207,2990,34099,16209
696,239,2991,34108,16215
790,268,2992,34118,16219
875,255,2993,34130,16225
904,250,2994,34140,16229
901,236,2995,34151,16235
896,223,2996,34159,16240
889,216,2997,34172,16245
888,212,2998,34182,16250
878,208,2999,34191,16256
872,202,3000,34204,16261
870,205,3001,34213,16266
868,205,3002,34222,16272
867,206,3003,34231,16277
865,204,3004,34244,16281
866,221,3005,34254,16286
840,223,3006,34264,16292
826,221,3007,34273,16297
821,211,3008,34282,16302
823,198,3009,34294,16307
821,202,3010,34303,16312
792,242,3011,34314,16317
771,369,3012,34323,16322
737,495,3013,34332,16327
722,543,3014,34345,16332
719,555,3015,34356,16336
719,554,3016,34364,16343
719,549,3017,34375,16347
719,544,3018,34385,16353
720,539,3019,34394,16358
720,537,3020,34403,16363
721,535,3021,34413,16368
722,533,3022,34426,16372
722,533,3023,34435,16377
722,532,3024,34445,16383
722,532,3025,34458,16388
722,532,3026,34468,16392
722,532,3027,34478,16399
722,532,3028,34491,16404
716,535,3029,34500,16409
731,543,3034,34553,16436
731,628,3035,34566,16441
678,680,3036,34573,16446
533,951,3038,34595,16456
577,941,3039,34604,16463
584,930,3040,34613,16468
588,920,3041,34626,16473
591,904,3042,34636,16477
599,892,3043,34645,16483
644,865,3044,34659,16488
675,727,3045,34669,16493
485,506,3086,35099,16710
278,410,3089,35130,16725
567,511,3090,35143,16731
445,446,3091,35154,16735
738,493,3092,35163,16742
861,548,3093,35171,16747
810,564,3094,35183,16752
525,476,3095,35191,16756
301,424,3096,35201,16762
338,432,3097,35214,16766
240,370,3098,35224,16770
578,501,3099,35236,16777
708,552,3100,35245,16782
755,570,3101,35260,16788
767,574,3102,35269,16793
510,486,3103,35279,16799
512,570,3104,35292,16805
438,541,3105,35302,16810
389,463,3106,35311,16816
374,433,3107,35324,16821
440,385,3108,35333,16826
569,409,3109,35345,16832
668,487,3110,35356,16837
707,522,3111,35365,16843
717,534,3112,35375,16848
716,538,3113,35384,16852
712,538,3114,35396,16858
706,537,3115,35406,16863
702,536,3116,35416,16868
700,535,3117,35430,16873
698,534,3118,35441,16878
696,533,3119,35464,16885
697,533,3120,35478,16890
697,531,3121,35488,16899
698,530,3122,35504,16904
697,531,3123,35513,16909
696,532,3124,35525,16916
732,513,3136,35645,16982
791,498,3137,35656,16988
810,491,3138,35668,16992
831,484,3139,35679,16998
809,512,3140,35690,17004
760,539,3141,35699,17010
741,549,3142,35709,17015
731,552,3143,35722,17020
728,551,3144,35731,17024
758,646,3145,35741,17031
741,765,3146,35752,17036
659,816,3147,35764,17041
582,766,3148,35774,17046
642,645,3149,35785,17052
1026,717,3150,35793,17057
808,595,3152,35815,17067
724,404,3153,35828,17073
945,568,3154,35838,17078
912,425,3155,35851,17084
835,463,3156,35861,17089
762,514,3157,35870,17095
736,535,3158,35883,17101
728,543,3159,35892,17105
728,560,3160,35902,17111
777,714,3161,35915,17117
807,838,3162,35924,17121
984,739,3163,35933,17128
910,771,3164,35943,17132
801,682,3165,35956,17137
972,662,3166,35966,17142
1037,665,3167,35977,17148
1167,689,3168,35987,17153
1095,673,3169,35996,17159
795,453,3170,36005,17163
743,297,3171,36017,17168
821,260,3172,36026,17173
919,274,3173,36035,17179
953,283,3174,36049,17183
937,273,3175,36058,17188
828,345,3176,36067,17195
762,458,3177,36076,17199
726,524,3178,36085,17204
941,649,3179,36099,17208
1026,680,3180,36108,17213
1055,690,3181,36118,17220
788,534,3182,36127,17224
672,365,3183,36137,17229
670,249,3184,36151,17234
681,197,3185,36159,17239
670,181,3186,36169,17245
633,238,3187,36182,17250
651,354,3188,36191,17254
693,480,3189,36201,17261
710,524,3190,36214,17266
620,505,3192,36234,17277
502,417,3193,36244,17282
448,356,3194,36253,17286
434,337,3195,36267,17292
499,304,3196,36276,17297
670,272,3197,36285,17303
838,245,3198,36297,17309
892,236,3199,36306,17313
875,222,3200,36316,17318
766,274,3201,36328,17323
720,412,3202,36337,17328
711,501,3204,36360,17339
949,637,3205,36368,17345
754,600,3206,36382,17350
545,654,3207,36392,17355
423,706,3208,36402,17361
389,717,3209,36412,17366
463,704,3210,36424,17371
597,605,3211,36433,17376
666,564,3212,36441,17382
954,627,3213,36452,17387
926,552,3215,36475,17395
1026,560,3216,36484,17401
1066,629,3217,36493,17408
1071,648,3218,36505,17412
1012,687,3219,36515,17417
851,648,3220,36524,17423
757,596,3221,36539,17428
719,571,3223,36565,17439
679,582,3243,36774,17546
620,704,3244,36783,17552
616,821,3245,36791,17557
629,889,3246,36801,17562
663,907,3247,36811,17566
698,847,3248,36825,17570
705,677,3249,36835,17576
860,619,3252,36865,17592
999,598,3253,36874,17597
1070,563,3254,36885,17603
1087,556,3255,36894,17607
996,526,3256,36908,17613
864,534,3257,36917,17617
766,543,3258,36927,17624
731,547,3259,36936,17629
720,549,3260,36946,17634
720,550,3261,36958,17639
725,550,3262,36968,17643
729,550,3263,36977,17650
733,550,3264,36986,17654
804,465,3281,37166,17743
940,423,3282,37177,17748
986,414,3283,37187,17753
1013,367,3284,37198,17758
1004,336,3285,37208,17764
934,358,3286,37221,17769
830,472,3287,37232,17774
760,562,3290,37261,17791
819,675,3291,37271,17795
929,749,3292,37281,17800
1005,742,3293,37294,17806
1045,710,3294,37300,17811
1066,689,3295,37310,17817
1074,682,3296,37322,17820
1066,688,3297,37331,17825
1049,688,3298,37341,17832
1041,649,3299,37357,17836
959,590,3300,37364,17841
821,569,3301,37373,17847
770,533,3324,37614,17968
825,551,3325,37625,17972
910,631,3326,37636,17977
948,706,3327,37650,17982
893,790,3328,37659,17988
781,714,3329,37672,17995
725,628,3330,37682,18000
702,590,3331,37691,18006
663,586,3332,37701,18011
583,711,3333,37711,18016
564,831,3334,37724,18021
602,878,3335,37733,18026
675,911,3336,37743,18032
703,919,3337,37753,18037
725,921,3338,37763,18042
773,893,3339,37776,18047
1235,1020,3340,37783,18051
1116,829,3341,37796,18058
1064,758,3342,37805,18061
1177,966,3343,37815,18068
1208,1044,3344,37825,18073
1017,907,3345,37839,18078
907,877,3346,37850,18082
1103,1008,3347,37859,18090
1176,1055,3348,37869,18095
931,474,3349,37878,18100
1113,861,3350,37892,18105
908,410,3351,37901,18109
822,709,3352,37911,18116
1078,962,3353,37920,18121
909,458,3354,37930,18126
840,274,3355,37940,18130
1090,811,3356,37954,18135
908,412,3357,37963,18140
1115,868,3358,37973,18147
916,434,3359,37985,18152
851,274,3360,37995,18157
828,221,3361,38005,18163
822,205,3362,38019,18168
815,206,3363,38028,18173
819,212,3364,38039,18179
829,220,3365,38049,18185
831,225,3366,38062,18189
724,467,3367,38072,18195
633,514,3368,38085,18201
592,497,3369,38095,18206
575,476,3370,38105,18212
531,394,3371,38114,18218
475,337,3372,38124,18222
455,314,3373,38133,18227
454,302,3374,38142,18232
457,299,3375,38155,18237
457,305,3376,38164,18242
457,309,3377,38175,18247
457,362,3378,38184,18252
481,447,3379,38194,18257
485,504,3380,38203,18262
497,604,3381,38216,18267
522,709,3382,38226,18272
572,830,3383,38235,18278
597,893,3384,38245,18283
606,905,3385,38256,18288
614,868,3386,38265,18292
650,755,3387,38276,18298
696,641,3388,38286,18302
702,569,3391,38318,18320
700,545,3394,38352,18335
695,541,3395,38362,18340
691,523,3396,38371,18346
692,503,3397,38380,18351
641,469,3398,38390,18356
516,470,3399,38401,18361
403,469,3400,38410,18365
363,473,3401,38420,18370
359,567,3402,38430,18375
362,637,3403,38441,18380
366,655,3404,38453,18385
405,696,3405,38465,18390
434,717,3406,38474,18396
432,747,3407,38484,18403
432,755,3408,38497,18407
437,763,3409,38507,18412
519,797,3410,38515,18419
574,860,3411,38525,18424
593,881,3412,38535,18428
597,886,3413,38548,18432
668,830,3414,38559,18438
700,692,3415,38568,18444
705,592,3416,38578,18449
808,311,3417,38591,18454
892,443,3423,38653,18486
971,435,3424,38662,18491
1019,385,3425,38670,18497
1031,399,3426,38679,18501
971,507,3427,38688,18506
877,576,3428,38700,18510
779,579,3429,38709,18514
553,620,3434,38760,18539
395,630,3435,38769,18546
364,650,3436,38781,18550
463,752,3437,38791,18555
645,796,3438,38800,18561
766,719,3439,38810,18566
858,621,3440,38823,18570
1014,532,3441,38833,18575
1065,531,3442,38845,18582
1010,661,3443,38853,18587
983,768,3444,38864,18593
981,796,3445,38874,18596
978,799,3446,38884,18602
1004,704,3447,38897,18607
917,609,3448,38905,18612
732,585,3454,38975,18648
653,541,3455,38989,18653
695,414,3456,38999,18658
772,258,3457,39009,18665
805,206,3458,39019,18670
819,190,3459,39028,18674
814,170,3460,39037,18679
813,170,3461,39051,18684
805,188,3462,39061,18689
745,281,3463,39071,18696
723,399,3464,39080,18700
712,506,3465,39092,18706
710,543,3466,39102,18710
710,551,3467,39115,18716
711,550,3468,39125,18721
711,545,3469,39134,18728
713,540,3470,39144,18733
714,536,3471,39154,18737
714,532,3472,39165,18742
714,530,3473,39174,18747
714,529,3474,39184,18752
714,529,3475,39194,18757
714,529,3476,39204,18762
714,529,3477,39216,18767
713,529,3478,39226,18772
712,530,3479,39235,18778
711,532,3480,39246,18783
710,533,3481,39258,18788
711,531,3482,39270,18793
713,525,3484,39289,18805
726,534,3486,39309,18815
806,623,3487,39319,18820
832,740,3488,39329,18825
747,850,3489,39339,18830
686,910,3490,39351,18835
664,921,3491,39361,18840
659,917,3492,39367,18845
708,899,3493,39381,18851
752,813,3494,39391,18854
721,650,3495,39403,18860
742,553,3500,39456,18888
775,469,3501,39466,18892
762,432,3502,39476,18898
749,341,3503,39489,18903
797,236,3504,39498,18908
838,229,3505,39508,18915
835,360,3506,39522,18920
769,481,3507,39532,18924
741,531,3508,39542,18931
703,596,3510,39566,18941
559,748,3511,39576,18948
441,727,3512,39589,18953
437,597,3513,39598,18958
375,517,3518,39649,18984
349,471,3519,39659,18990
345,454,3520,39668,18995
349,461,3521,39681,19000
369,525,3522,39691,19004
367,578,3523,39701,19011
366,572,3524,39711,19015
352,568,3525,39721,19021
359,577,3526,39732,19026
366,580,3527,39741,19031
368,569,3528,39750,19036
413,523,3529,39762,19041
457,484,3530,39772,19045
575,478,3531,39784,19051
674,514,3532,39794,19056
706,528,3533,39802,19062
712,535,3534,39815,19067
708,537,3535,39825,19071
703,540,3536,39832,19078
698,540,3537,39845,19083
694,540,3538,39853,19086
692,540,3539,39865,19093
691,540,3540,39872,19096
689,540,3541,39882,19103
689,539,3542,39892,19106
689,539,3543,39903,19111
689,539,3544,39912,19116
690,539,3545,39923,19122
690,540,3546,39932,19126
691,540,3547,39944,19132
691,540,3548,39955,19136
691,540,3549,39964,19142
691,540,3550,39976,19147
693,550,3551,39982,19152
690,555,3552,39992,19158
686,556,3553,40002,19161
679,538,3555,40026,19171
676,528,3556,40036,19178
676,525,3557,40046,19183
675,522,3558,40057,19188
676,522,3559,40065,19193
675,523,3560,40077,19198
676,523,3561,40087,19203
676,522,3562,40097,19209
676,523,3563,40107,19214
675,522,3564,40116,19219
675,521,3565,40125,19224
675,519,3566,40136,19228
666,524,3567,40148,19233
623,472,3568,40158,19239
633,346,3569,40169,19244
705,259,3570,40183,19249
812,266,3571,40193,19254
884,393,3572,40203,19261
867,536,3573,40215,19267
782,574,3574,40225,19272
745,584,3577,40255,19287
695,589,3579,40276,19298
626,595,3580,40286,19302
547,619,3581,40297,19309
543,649,3582,40306,19313
533,657,3583,40316,19319
526,629,3584,40329,19323
537,580,3585,40339,19328
531,551,3586,40348,19335
543,642,3587,40358,19340
524,730,3588,40371,19344
493,801,3589,40381,19349
508,823,3590,40387,19356
576,791,3591,40396,19361
616,713,3592,40410,19364
672,607,3593,40420,19369
695,565,3594,40431,19375
698,553,3595,40438,19380
696,551,3596,40448,19386
690,548,3597,40461,19389
682,550,3598,40471,19394
651,520,3599,40480,19401
594,488,3600,40489,19406
503,433,3601,40499,19411
424,389,3602,40511,19415
400,376,3603,40520,19420
397,352,3604,40530,19426
410,338,3605,40543,19431
452,325,3606,40553,19435
504,330,3607,40563,19442
573,353,3608,40573,19447
641,395,3609,40584,19451
700,488,3610,40594,19457
717,524,3611,40605,19462
721,537,3612,40614,19467
704,550,3613,40625,19472
677,573,3614,40636,19477
626,682,3615,40646,19482
578,827,3616,40659,19488
567,880,3617,40669,19493
620,909,3618,40682,19499
713,900,3619,40692,19504
758,793,3620,40701,19511
741,666,3621,40711,19516
727,590,3622,40721,19521
744,573,3646,40953,19636
753,604,3647,40963,19641
739,626,3648,40976,19646
689,610,3649,40986,19652
623,629,3650,40994,19658
659,752,3651,41004,19663
716,860,3652,41014,19667
741,905,3653,41025,19672
747,918,3654,41035,19677
742,917,3655,41045,19682
809,432,3656,41059,19688
803,659,3657,41068,19693
760,595,3658,41081,19700
803,317,3659,41090,19704
825,228,3660,41099,19711
834,202,3661,41109,19715
833,202,3662,41119,19720
799,343,3663,41133,19725
812,274,3664,41142,19730
820,233,3665,41153,19736
825,215,3666,41162,19741
844,214,3667,41175,19746
867,230,3668,41181,19752
885,227,3669,41194,19758
897,228,3670,41204,19761
903,246,3671,41213,19767
920,336,3672,41223,19772
841,455,3673,41233,19777
760,529,3674,41242,19781
728,554,3675,41251,19787
718,559,3676,41260,19792
717,556,3677,41273,19796
718,551,3678,41282,19801
722,546,3679,41292,19807
726,542,3680,41301,19811
727,540,3681,41312,19816
729,539,3682,41321,19821
733,538,3683,41331,19826
752,599,3700,41501,19910
721,709,3701,41511,19916
625,711,3702,41520,19921
592,646,3703,41531,19925
553,582,3704,41545,19931
498,588,3705,41556,19935
464,701,3706,41563,19942
456,777,3707,41576,19948
484,788,3708,41585,19951
585,673,3709,41595,19958
663,589,3710,41605,19963
692,558,3711,41615,19968
699,550,3712,41624,19972
673,531,3713,41633,19978
615,528,3714,41642,19982
536,544,3715,41656,19987
419,456,3718,41685,20003
459,406,3719,41694,20008
572,437,3720,41708,20013
660,496,3721,41718,20017
697,518,3722,41728,20024
709,531,3723,41738,20029
710,535,3724,41748,20034
709,538,3729,41801,20060
870,155,3743,41937,20130
772,395,3745,41960,20139
719,464,3746,41973,20146
676,476,3747,41982,20150
587,437,3748,41991,20157
504,383,3749,42000,20161
461,357,3750,42010,20166
426,347,3751,42020,20170
422,346,3752,42030,20176
426,347,3753,42043,20180
430,349,3754,42054,20185
714,273,3755,42063,20192
816,245,3756,42073,20197
853,237,3757,42083,20202
560,334,3758,42093,20206
746,273,3759,42101,20212
811,248,3760,42113,20217
829,245,3762,42135,20227
842,241,3763,42145,20231
718,467,3764,42154,20238
798,312,3765,42163,20243
818,261,3766,42172,20247
832,242,3767,42183,20252
681,491,3768,42193,20256
780,325,3769,42205,20261
813,256,3770,42216,20267
833,237,3771,42230,20273
830,227,3772,42240,20278
873,656,3773,42250,20283
952,744,3774,42260,20288
831,683,3775,42269,20295
754,621,3776,42281,20300
801,351,3777,42292,20305
743,487,3778,42301,20310
799,297,3779,42312,20316
818,228,3780,42323,20321
829,213,3781,42332,20326
840,212,3782,42344,20332
837,217,3783,42355,20336
851,277,3784,42369,20342
856,248,3785,42378,20347
842,231,3786,42388,20354
837,225,3787,42398,20359
829,221,3788,42408,20364
785,289,3789,42418,20369
751,425,3790,42429,20374
727,509,3791,42438,20379
715,535,3814,42670,20494
708,539,3815,42680,20500
661,517,3816,42689,20505
582,472,3817,42698,20510
587,370,3818,42712,20515
679,319,3819,42721,20519
781,238,3820,42730,20526
813,208,3821,42740,20531
774,207,3822,42754,20535
690,290,3823,42762,20540
685,446,3824,42771,20547
606,830,3827,42805,20562
580,905,3828,42814,20567
584,931,3831,42845,20582
585,924,3832,42856,20587
529,1026,3833,42865,20593
566,953,3834,42875,20598
587,909,3835,42885,20603
621,663,3836,42894,20608
539,634,3837,42903,20613
466,655,3838,42913,20617
448,734,3839,42924,20622
475,796,3840,42935,20627
554,862,3841,42944,20632
533,1004,3842,42955,20637
655,866,3843,42968,20642
684,697,3844,42977,20647
703,593,3845,42987,20654
708,556,3846,42998,20659
706,547,3847,43009,20664
702,549,3848,43018,20669
700,555,3849,43033,20674
697,561,3850,43040,20680
695,565,3851,43053,20687
695,567,3852,43064,20690
694,569,3853,43073,20697
693,570,3854,43082,20702
693,572,3855,43093,20707
693,572,3856,43103,20711
692,572,3857,43113,20716
693,572,3858,43123,20722
693,571,3859,43133,20727
693,570,3862,43165,20743
622,800,3863,43175,20748
602,875,3864,43189,20753
536,1010,3865,43199,20758
595,764,3866,43213,20764
616,752,3867,43226,20769
593,835,3868,43236,20777
592,870,3869,43247,20783
652,823,3870,43258,20788
675,686,3871,43268,20793
795,349,3894,43502,20912
831,232,3895,43514,20915
885,62,3896,43523,20921
809,392,3897,43533,20927
829,278,3898,43546,20932
831,241,3899,43556,20937
833,229,3900,43566,20943
842,488,3901,43578,20949
848,586,3902,43588,20953
883,240,3903,43598,20959
851,213,3904,43611,20964
849,480,3905,43620,20969
833,317,3906,43633,20976
813,483,3907,43642,20981
821,314,3908,43654,20987
832,252,3909,43664,20991
827,228,3910,43675,20997
785,443,3911,43684,21002
810,305,3912,43692,21008
806,515,3913,43703,21012
821,329,3914,43712,21017
881,616,3915,43724,21022
916,755,3916,43733,21027
876,833,3917,43747,21032
861,871,3918,43758,21037
871,885,3919,43768,21043
805,888,3920,43777,21049
759,823,3921,43787,21054
729,685,3922,43799,21059
708,599,3923,43806,21064
780,314,3924,43818,21070
732,471,3925,43827,21073
798,282,3926,43838,21079
769,427,3927,43848,21084
826,380,3928,43858,21089
852,329,3929,43868,21094
925,301,3930,43879,21099
954,293,3931,43892,21104
963,290,3932,43902,21109
969,334,3933,43912,21116
906,431,3934,43922,21121
795,508,3935,43931,21126
808,322,3936,43941,21131
745,480,3937,43952,21136
796,308,3938,43961,21141
720,434,3939,43970,21146
605,457,3940,43983,21151
517,543,3941,43992,21155
484,699,3942,44003,21162
544,800,3943,44013,21166
679,848,3944,44022,21172
796,849,3945,44035,21176
889,776,3946,44045,21181
866,624,3947,44055,21188
831,520,3948,44064,21193
890,419,3949,44074,21197
953,321,3950,44084,21202
956,278,3951,44094,21207
898,279,3952,44103,21212
823,389,3953,44115,21217
755,494,3954,44125,21222
710,516,3958,44164,21241
653,405,3959,44178,21246
635,355,3960,44188,21251
625,261,3961,44197,21259
706,237,3962,44211,21264
815,282,3963,44221,21269
817,445,3964,44231,21276
769,530,3965,44237,21281
745,560,3966,44251,21285
736,568,3967,44261,21289
734,565,3968,44270,21295
733,562,3969,44279,21300
733,559,3970,44289,21305
731,557,3971,44298,21310
732,557,3972,44309,21315
761,632,3973,44319,21319
816,678,3974,44329,21325
845,677,3975,44343,21330
888,694,3976,44351,21335
963,760,3977,44361,21342
983,778,3978,44375,21345
886,771,3979,44381,21350
771,730,3980,44393,21357
727,707,3981,44403,21361
702,670,3982,44414,21367
691,595,3985,44443,21382
669,580,3986,44454,21387
599,684,3987,44467,21392
570,802,3988,44476,21397
625,884,3989,44488,21404
637,914,3990,44497,21408
615,910,3991,44507,21414
605,901,3992,44516,21418
578,816,3993,44529,21424
582,707,3994,44538,21428
651,586,3995,44549,21435
680,543,3996,44558,21440
689,533,3997,44571,21444
691,535,3998,44581,21449
690,541,3999,44591,21456
689,546,4000,44600,21461
688,550,4001,44612,21466
688,553,4002,44622,21470
688,554,4003,44631,21477
785,585,4005,44653,21486
964,564,4006,44662,21492
1055,549,4007,44677,21497
1057,495,4008,44686,21501
879,528,4009,44695,21508
772,545,4010,44704,21513
734,553,4011,44713,21518
703,499,4013,44735,21527
759,353,4014,44742,21533
838,301,4015,44752,21538
909,294,4016,44761,21541
1001,372,4017,44772,21546
1053,423,4018,44782,21551
1074,453,4019,44791,21556
1072,527,4020,44805,21561
969,613,4021,44811,21566
800,594,4022,44824,21573
735,583,4023,44833,21576
715,575,4024,44842,21582
715,569,4025,44852,21587
703,467,4026,44861,21591
717,324,4027,44870,21596
784,232,4028,44881,21601
818,203,4029,44894,21606
835,192,4030,44903,21611
840,188,4031,44913,21617
831,200,4032,44925,21622
779,221,4033,44934,21626
748,370,4034,44944,21633
727,480,4035,44958,21637
705,533,4051,45125,21721
635,504,4052,45132,21726
589,377,4053,45143,21732
658,348,4054,45154,21736
693,458,4055,45164,21741
741,501,4058,45192,21757
887,448,4059,45203,21762
986,444,4060,45213,21766
1055,460,4061,45227,21771
1060,433,4062,45237,21777
940,475,4063,45247,21783
800,520,4064,45258,21789
681,462,4066,45278,21799
668,331,4067,45291,21804
774,261,4068,45302,21809
842,233,4069,45312,21815
858,218,4070,45322,21821
861,215,4071,45330,21826
857,216,4072,45342,21831
791,248,4073,45351,21835
753,363,4074,45364,21840
733,480,4075,45375,21845
702,525,4099,45618,21969
599,490,4100,45627,21974
457,476,4101,45638,21979
388,449,4102,45651,21984
368,424,4103,45660,21989
371,412,4104,45670,21996
380,393,4105,45681,22000
462,337,4106,45690,22005
575,340,4107,45703,22011
657,419,4108,45712,22015
703,500,4109,45725,22021
715,531,4110,45735,22026
742,601,4111,45745,22032
841,730,4112,45761,22037
855,857,4113,45771,22043
883,887,4114,45784,22050
897,789,4115,45794,22056
797,660,4116,45804,22062
738,592,4117,45819,22067
717,567,4118,45829,22072
777,551,4119,45842,22079
931,548,4120,45854,22084
1038,557,4121,45863,22091
1071,505,4122,45877,22097
1066,469,4123,45886,22102
945,452,4124,45895,22108
803,510,4125,45905,22113
724,508,4127,45929,22122
671,350,4128,45939,22128
693,234,4129,45949,22134
723,197,4130,45961,22139
758,188,4131,45972,22145
806,207,4132,45981,22150
903,313,4133,45989,22156
998,369,4134,46000,22161
1022,376,4135,46010,22165
1012,351,4136,46020,22170
945,342,4137,46031,22175
824,351,4138,46041,22180
708,266,4139,46052,22185
646,224,4140,46062,22190
592,216,4141,46076,22196
581,217,4142,46085,22201
574,303,4143,46097,22208
642,448,4144,46107,22213
539,896,4145,46116,22219
648,677,4146,46126,22224
688,589,4147,46138,22228
655,609,4148,46148,22233
544,710,4149,46158,22239
468,766,4150,46169,22244
449,779,4151,46179,22249
443,679,4152,46188,22254
571,593,4153,46198,22260
659,556,4154,46208,22264
692,544,4155,46222,22269
811,559,4156,46232,22274
876,563,4157,46243,22281
903,578,4158,46254,22286
959,717,4159,46265,22292
985,784,4160,46275,22297
1000,795,4161,46288,22302
988,732,4162,46298,22308
846,646,4163,46308,22314
750,583,4164,46317,22319
717,563,4165,46329,22324
709,555,4166,46341,22329
832,525,4167,46352,22334
1001,550,4168,46361,22341
1059,560,4169,46371,22346
1054,618,4170,46382,22351
989,737,4171,46391,22355
937,826,4172,46401,22361
924,858,4173,46414,22366
938,859,4174,46423,22371
952,843,4175,46434,22377
960,831,4176,46444,22382
965,813,4177,46455,22387
968,803,4178,46467,22392
973,790,4179,46478,22397
889,688,4180,46487,22404
764,596,4181,46497,22409
719,563,4182,46508,22414
707,556,4183,46517,22419
707,558,4184,46527,22424
712,558,4185,46538,22428
885,529,4186,46551,22434
1005,619,4187,46561,22439
1040,666,4188,46571,22446
1028,691,4189,46583,22450
852,678,4190,46593,22456
747,609,4191,46601,22462
700,591,4192,46611,22466
594,721,4193,46623,22471
564,836,4194,46632,22476
596,894,4195,46642,22482
683,893,4196,46653,22487
719,810,4197,46665,22491
707,678,4198,46674,22496
703,592,4199,46684,22503
701,560,4200,46697,22508
699,554,4201,46705,22512
697,558,4202,46718,22519
696,563,4203,46727,22523
696,569,4204,46740,22530
718,580,4217,46870,22596
776,655,4218,46880,22600
785,712,4219,46893,22605
736,799,4220,46903,22610
665,881,4221,46913,22617
616,902,4222,46925,22622
605,904,4223,46934,22627
651,852,4224,46945,22633
676,684,4225,46958,22638
850,575,4228,46985,22654
1003,634,4231,47017,22667
997,738,4232,47028,22674
859,798,4233,47043,22679
756,724,4234,47053,22684
715,625,4235,47064,22691
703,587,4236,47073,22696
629,557,4256,47296,22805
522,545,4257,47309,22808
412,435,4259,47325,22822
408,347,4260,47338,22828
411,312,4261,47350,22832
425,310,4262,47360,22839
436,314,4263,47369,22844
428,327,4264,47378,22849
422,350,4265,47388,22854
420,372,4266,47398,22859
488,452,4267,47407,22864
607,511,4268,47417,22869
683,539,4269,47431,22874
707,549,4270,47441,22879
712,550,4271,47452,22885
709,548,4272,47462,22890
704,545,4273,47474,22895
699,543,4274,47483,22900
696,541,4275,47493,22907
694,540,4276,47507,22912
691,539,4277,47520,22916
691,539,4278,47531,22923
690,539,4279,47541,22929
690,540,4280,47555,22935
690,539,4281,47564,22941
690,540,4282,47575,22947
689,543,4283,47584,22952
697,529,4290,47664,22990
696,521,4291,47674,22995
654,589,4293,47698,23007
558,695,4294,47708,23012
435,670,4295,47721,23019
418,547,4296,47730,23024
550,532,4297,47743,23031
801,518,4300,47775,23047
960,685,4302,47799,23058
875,792,4303,47808,23065
778,735,4304,47818,23070
732,647,4305,47830,23074
1077,675,4321,48008,23161
1075,671,4323,48029,23174
1160,726,4324,48039,23180
1101,690,4326,48061,23190
1215,714,4327,48072,23195
1104,685,4328,48082,23201
1064,671,4329,48091,23206
1050,668,4330,48103,23211
787,611,4331,48115,23216
943,644,4332,48126,23222
755,604,4333,48135,23228
945,641,4334,48142,23233
1015,665,4335,48155,23238
1041,668,4336,48166,23242
799,615,4337,48176,23248
963,646,4338,48186,23253
1024,668,4339,48195,23258
1048,665,4340,48205,23263
1057,662,4341,48214,23268
1058,667,4342,48227,23273
1054,668,4344,48250,23283
1048,676,4347,48279,23300
1047,670,4348,48288,23305
1044,676,4351,48320,23321
1044,668,4356,48371,23347
1046,662,4362,48439,23378
1041,670,4365,48471,23395
1044,662,4366,48482,23399
1045,658,4381,48639,23481
815,599,4413,48996,23651
733,582,4414,49006,23656
708,575,4416,49024,23669
704,579,4422,49108,23701
706,560,4430,49196,23749
711,553,4431,49206,23755
715,549,4432,49216,23760
721,550,4436,49258,23783
727,555,4437,49272,23788
733,554,4438,49278,23794
797,549,4439,49289,23802
852,582,4440,49301,23805
849,673,4441,49311,23811
775,640,4442,49323,23817
692,631,4446,49366,23841
662,674,4447,49376,23845
679,802,4448,49387,23851
707,886,4449,49398,23856
716,914,4450,49410,23862
720,919,4451,49420,23868
714,916,4452,49430,23875
714,912,4453,49442,23881
717,910,4454,49453,23885
715,913,4455,49467,23891
699,909,4456,49476,23896
692,903,4457,49486,23903
690,898,4458,49495,23908
713,890,4459,49507,23913
724,831,4460,49514,23918
708,734,4461,49527,23922
793,594,4469,49611,23965
937,584,4470,49619,23970
1035,612,4471,49629,23976
1073,608,4472,49642,23980
1067,561,4473,49652,23985
949,539,4474,49665,23991
814,550,4475,49675,23996
744,557,4476,49685,24003
720,560,4477,49698,24007
716,563,4478,49707,24013
716,561,4479,49716,24019
720,560,4480,49725,24024
725,559,4481,49735,24028
728,558,4482,49744,24033
731,558,4483,49754,24037
732,558,4484,49766,24042
732,558,4485,49775,24047
734,559,4486,49787,24053
748,568,4492,49850,24085
823,538,4493,49860,24090
932,521,4494,49871,24095
999,461,4495,49881,24100
924,435,4496,49892,24106
817,498,4497,49906,24111
754,532,4498,49919,24116
729,544,4499,49931,24123
718,537,4500,49947,24129
719,423,4501,49956,24134
780,321,4502,49965,24140
867,366,4503,49976,24145
847,465,4504,49986,24150
775,528,4505,49999,24156
749,552,4506,50010,24162
653,684,4507,50017,24169
591,815,4508,50027,24175
617,883,4509,50037,24178
681,833,4510,50049,24183
688,680,4511,50060,24189
760,634,4513,50080,24200
885,709,4514,50090,24205
959,766,4515,50101,24210
992,777,4516,50112,24215
1008,713,4517,50123,24221
1039,693,4518,50134,24226
1023,716,4519,50144,24231
906,815,4520,50163,24237
835,875,4521,50169,24242
818,892,4522,50177,24248
851,865,4523,50186,24254
847,789,4524,50197,24259
808,699,4525,50207,24263
751,605,4526,50217,24269
663,575,4530,50257,24287
455,467,4531,50263,24294
422,367,4533,50284,24302
524,315,4534,50292,24308
603,392,4535,50301,24312
671,484,4536,50312,24317
699,523,4537,50325,24321
707,539,4538,50334,24326
708,545,4539,50346,24333
736,542,4540,50359,24337
929,548,4541,50367,24344
1017,614,4542,50376,24350
1036,659,4543,50385,24354
1040,673,4544,50393,24358
1035,678,4545,50403,24363
1029,677,4546,50412,24367
1022,675,4547,50423,24372
1018,673,4548,50430,24376
1017,672,4549,50443,24382
1015,671,4550,50450,24385
1025,692,4551,50462,24392
1028,699,4552,50472,24395
1030,695,4553,50480,24401
1042,666,4554,50489,24406
1053,636,4555,50497,24411
1057,622,4556,50508,24415
1058,618,4557,50516,24419
1062,602,4558,50527,24425
1064,599,4559,50537,24428
1062,601,4560,50549,24433
1059,609,4561,50560,24439
1056,622,4562,50570,24444
1055,605,4563,50580,24450
1053,561,4564,50591,24455
972,551,4565,50605,24460
860,575,4566,50616,24465
757,579,4567,50623,24471
